# This file was created using create_datpin_files.R function write_DatFile
      #and used all inputs from csv files found in folder:
      #hydradata/data-raw
# init_int debug
  0
# init_int Nyrs
  123
# init_int Nspecies
  10
# init_int Nsizebins
  5
# init_int Nareas
  1
# init_int Nfleets
  3
# init_int Nsurveys (e.g. NEFSC spring, NEFSC fall, NEAMAP, etc)
  4
# init_number wtconv
  0.001
## Time series data file
  GB-input/hydra_sim_GB_new5bin_1978_3fleets_4surveys-ts.dat
#
# List of Species in Model
# Atlantic_cod
# Atlantic_herring
# Atlantic_mackerel
# Goosefish
# Haddock
# Silver_hake
# Spiny_dogfish
# Winter_flounder
# Winter_skate
# Yellowtail_flounder
#
# init_matrix binwidth(1,Nspecies,1,Nsizebins)
 	38	18	18	18	51
 	15	4	4	4	17
 	23	5	5	5	23
 	40  20  20  20  60
 	31	13	13	13	30
 	19	10	10	10	35
 	47	14	14	14	62
 	26	9	9	9	33
 	43	13	13	13	37
 	22	7	7	7	24
# init_vector lenwt_a(1,Nspecies)
  0.00685681567472357 0.00696289397647208 0.00310242979734439 0.0205011606372842 0.00759240073997539 0.00421677371743438 0.00218691346582327 0.00910817030110655 0.00244734811734799 0.00582004148366075
# init_vector lenwt_b(1,Nspecies)
  3.09133638752902 3.08159581281283 3.32100440840157 2.93322687044393 3.06816962846841 3.12947468289365 3.13962578098272 3.08298298576075 3.26552505022405 3.10977555176597
# init_int Nrecruitment_cov
  1
#  init_int Nmaturity_cov 
  1
#  init_int Ngrowth_cov
  1
#  init_matrix recruitment_cov(1,Nrecruitment_cov,1,Nyrs)
  -1.14429640 -0.51977699 -0.33482378 -0.20190180 -0.55047481 0.03011816 0.08379809 0.05927110 0.09657925 -0.87138363 -1.15223501 1.09037386 0.90906948 0.69329100 0.24187429 -0.98301662 0.03614478 0.04939955 0.74139962 -0.43577277 -0.86270942 0.11260377 -1.07067643 -0.84177061 1.05216567 -1.30984455 -1.26902763 -0.55696045 0.32089400 -0.18344730 0.34239355 1.19087548 -0.44040443 0.26435835 -0.51006349 -0.12774452 -0.29516125 -0.50392984 0.35983862 2.24292252 2.02361161 1.11631098 0.73819619 1.23783598 1.72880217 1.51556566 0.94540810 1.21373013 1.21847666 0.49340540 1.39069464 0.84544288 1.65178264 1.54199252 0.42160116 1.12160054 1.16289809 0.91815060 1.36283533 1.05843156 1.20444745 1.34504181 1.14488695 1.53857391 1.70638150 1.52867667 1.24056231 0.19615586 1.13557965 1.23304930 0.52342076 2.33497406 1.72927999 1.88231721 1.11214362 1.52097046 1.22779118 2.11032766 1.84482808 3.03528149 1.89588717 1.73857003 1.81059189 1.91011566 2.22469079 2.50490726 2.31506838 1.50563904 1.24040121 1.37863292 1.68165230 2.67787798 2.04313279 2.41504821 2.48870949 2.37409719 1.98884043 2.65070270 2.54651595 2.95418649 2.95814027 2.08289111 1.40921554 1.36540148 2.52327307 2.00760886 2.23781347 1.28844059 1.25719546 1.45597609 2.25735154 2.11660034 1.41202710 1.17324618 2.06807919 2.62860251 2.35064402 1.94230630 2.67369850 2.68588796 1.51259991 1.06537273 1.52472004
#  init_matrix maturity_cov(1,Nmaturity_cov,1,Nyrs)
  -0.52754453 -1.03211809 -0.65516328 -1.00714751 -0.82985429 -0.43237117 -0.39414032 0.16061088 0.23870219 -0.51625361 -0.58131949 -0.49058245 -0.43552058 0.36938120 -0.71451053 -0.38488309 0.31919146 0.33094749 -0.81793386 -0.07083866 -0.99714748 0.67903430 0.35669065 0.11914801 0.45917232 -0.45544053 -1.23326999 -0.81768891 0.10971676 -0.82088239 -0.45103348 0.19077950 0.70597307 0.28603782 1.56036290 1.08402773 1.20391465 1.37327954 1.53864861 1.14725920 0.94496732 0.65203591 1.16529887 1.50327787 1.77490289 1.47734351 1.21131573 0.71912293 0.74543269 0.86798644 1.23293967 1.32940091 1.34277943 1.85766073 1.24051969 1.02520916 1.04266034 1.17936773 1.24335861 0.53581431 1.21511841 1.09651750 1.28221298 1.62315078 1.82748205 2.06014589 1.89145584 0.73400870 1.29755443 1.32536352 1.08591369 2.31839123 2.16895067 1.54949347 1.48088503 1.44838611 1.43699043 1.82883642 1.83934740 2.62201880 1.49615462 2.02250132 1.70937875 1.65089897 1.81376276 2.61989368 1.86317337 1.84670400 1.46447909 1.24302047 1.58962265 2.29335087 2.40063153 2.19407594 2.29746516 2.12513907 2.16089348 2.33506009 2.37083135 2.77934711 2.39184392 2.22505042 2.06931414 1.33572758 2.34931320 1.96481000 1.99229670 1.75185374 1.59745492 1.61034196 2.29327820 1.93237653 1.79894811 1.34290756 1.74135014 2.60167121 2.19767400 1.83912414 2.33969373 2.67081835 1.45839176 1.28022906 1.53198502
#  init_matrix growth_cov(1,Ngrowth_cov,1,Nyrs)
  -0.52754453 -1.03211809 -0.65516328 -1.00714751 -0.82985429 -0.43237117 -0.39414032 0.16061088 0.23870219 -0.51625361 -0.58131949 -0.49058245 -0.43552058 0.36938120 -0.71451053 -0.38488309 0.31919146 0.33094749 -0.81793386 -0.07083866 -0.99714748 0.67903430 0.35669065 0.11914801 0.45917232 -0.45544053 -1.23326999 -0.81768891 0.10971676 -0.82088239 -0.45103348 0.19077950 0.70597307 0.28603782 1.56036290 1.08402773 1.20391465 1.37327954 1.53864861 1.14725920 0.94496732 0.65203591 1.16529887 1.50327787 1.77490289 1.47734351 1.21131573 0.71912293 0.74543269 0.86798644 1.23293967 1.32940091 1.34277943 1.85766073 1.24051969 1.02520916 1.04266034 1.17936773 1.24335861 0.53581431 1.21511841 1.09651750 1.28221298 1.62315078 1.82748205 2.06014589 1.89145584 0.73400870 1.29755443 1.32536352 1.08591369 2.31839123 2.16895067 1.54949347 1.48088503 1.44838611 1.43699043 1.82883642 1.83934740 2.62201880 1.49615462 2.02250132 1.70937875 1.65089897 1.81376276 2.61989368 1.86317337 1.84670400 1.46447909 1.24302047 1.58962265 2.29335087 2.40063153 2.19407594 2.29746516 2.12513907 2.16089348 2.33506009 2.37083135 2.77934711 2.39184392 2.22505042 2.06931414 1.33572758 2.34931320 1.96481000 1.99229670 1.75185374 1.59745492 1.61034196 2.29327820 1.93237653 1.79894811 1.34290756 1.74135014 2.60167121 2.19767400 1.83912414 2.33969373 2.67081835 1.45839176 1.28022906 1.53198502
#  init_3darray obs_effort(1,Nareas,1,Nfleets,1,Nyrs)  
# fleet types demersal fixedGear pelagic
#  Observed effort. No assessment
  1 1 1 1 1 1 1 1 1 1 1 1 1 1 1 1 1 1 1 1 1 1 1 1 1 1 1 1 1 1 1 1 1 1 1 1 1 1 1 1 1 1 1 1 1 1 1 1 1 1 1 1 1 1 1 1 1 1 1 1 1 1 1 1 1 1 1 1 1 1 1 1 1 1 1 1 1 1 1 1 1 1 1 1 1 1 1 1 1 1 1 1 1 1 1 1 1 1 1 1 1 1 1 1 1 1 1 1 1 1 1 1 1 1 1 1 1 1 1 1 1 1 1
  1 1 1 1 1 1 1 1 1 1 1 1 1 1 1 1 1 1 1 1 1 1 1 1 1 1 1 1 1 1 1 1 1 1 1 1 1 1 1 1 1 1 1 1 1 1 1 1 1 1 1 1 1 1 1 1 1 1 1 1 1 1 1 1 1 1 1 1 1 1 1 1 1 1 1 1 1 1 1 1 1 1 1 1 1 1 1 1 1 1 1 1 1 1 1 1 1 1 1 1 1 1 1 1 1 1 1 1 1 1 1 1 1 1 1 1 1 1 1 1 1 1 1
  1 1 1 1 1 1 1 1 1 1 1 1 1 1 1 1 1 1 1 1 1 1 1 1 1 1 1 1 1 1 1 1 1 1 1 1 1 1 1 1 1 1 1 1 1 1 1 1 1 1 1 1 1 1 1 1 1 1 1 1 1 1 1 1 1 1 1 1 1 1 1 1 1 1 1 1 1 1 1 1 1 1 1 1 1 1 1 1 1 1 1 1 1 1 1 1 1 1 1 1 1 1 1 1 1 1 1 1 1 1 1 1 1 1 1 1 1 1 1 1 1 1 1
#  init_4darray area1_stomwt(1,Nareas,1,Nspecies,1,Nyrs,Nsizebins)   
#  read in mean stomach content weight time series from .dat file for intake calculation   
#  Atlantic_cod
  0.035 0.103736364 1.952671779 18.42060702 84.48736889
  0.035 0.103736364 1.952671779 18.42060702 84.48736889
  0.035 0.103736364 1.952671779 18.42060702 84.48736889
  0.035 0.103736364 1.952671779 18.42060702 84.48736889
  0.035 0.103736364 1.952671779 18.42060702 84.48736889
  0.035 0.103736364 1.952671779 18.42060702 84.48736889
  0.035 0.103736364 1.952671779 18.42060702 84.48736889
  0.035 0.103736364 1.952671779 18.42060702 84.48736889
  0.035 0.103736364 1.952671779 18.42060702 84.48736889
  0.035 0.103736364 1.952671779 18.42060702 84.48736889
  0.035 0.103736364 1.952671779 18.42060702 84.48736889
  0.035 0.103736364 1.952671779 18.42060702 84.48736889
  0.035 0.103736364 1.952671779 18.42060702 84.48736889
  0.035 0.103736364 1.952671779 18.42060702 84.48736889
  0.035 0.103736364 1.952671779 18.42060702 84.48736889
  0.035 0.103736364 1.952671779 18.42060702 84.48736889
  0.035 0.103736364 1.952671779 18.42060702 84.48736889
  0.035 0.103736364 1.952671779 18.42060702 84.48736889
  0.035 0.103736364 1.952671779 18.42060702 84.48736889
  0.035 0.103736364 1.952671779 18.42060702 84.48736889
  0.035 0.103736364 1.952671779 18.42060702 84.48736889
  0.035 0.103736364 1.952671779 18.42060702 84.48736889
  0.035 0.103736364 1.952671779 18.42060702 84.48736889
  0.035 0.103736364 1.952671779 18.42060702 84.48736889
  0.035 0.103736364 1.952671779 18.42060702 84.48736889
  0.035 0.103736364 1.952671779 18.42060702 84.48736889
  0.035 0.103736364 1.952671779 18.42060702 84.48736889
  0.035 0.103736364 1.952671779 18.42060702 84.48736889
  0.035 0.103736364 1.952671779 18.42060702 84.48736889
  0.035 0.103736364 1.952671779 18.42060702 84.48736889
  0.035 0.103736364 1.952671779 18.42060702 84.48736889
  0.035 0.103736364 1.952671779 18.42060702 84.48736889
  0.035 0.103736364 1.952671779 18.42060702 84.48736889
  0.035 0.103736364 1.952671779 18.42060702 84.48736889
  0.035 0.103736364 1.952671779 18.42060702 84.48736889
  0.035 0.103736364 1.952671779 18.42060702 84.48736889
  0.035 0.103736364 1.952671779 18.42060702 84.48736889
  0.035 0.103736364 1.952671779 18.42060702 84.48736889
  0.035 0.103736364 1.952671779 18.42060702 84.48736889
  0.035 0.103736364 1.952671779 18.42060702 84.48736889
  0.035 0.103736364 1.952671779 18.42060702 84.48736889
  0.035 0.103736364 1.952671779 18.42060702 84.48736889
  0.035 0.103736364 1.952671779 18.42060702 84.48736889
  0.035 0.103736364 1.952671779 18.42060702 84.48736889
  0.035 0.103736364 1.952671779 18.42060702 84.48736889
  0.035 0.103736364 1.952671779 18.42060702 84.48736889
  0.035 0.103736364 1.952671779 18.42060702 84.48736889
  0.035 0.103736364 1.952671779 18.42060702 84.48736889
  0.035 0.103736364 1.952671779 18.42060702 84.48736889
  0.035 0.103736364 1.952671779 18.42060702 84.48736889
  0.035 0.103736364 1.952671779 18.42060702 84.48736889
  0.035 0.103736364 1.952671779 18.42060702 84.48736889
  0.035 0.103736364 1.952671779 18.42060702 84.48736889
  0.035 0.103736364 1.952671779 18.42060702 84.48736889
  0.035 0.103736364 1.952671779 18.42060702 84.48736889
  0.035 0.103736364 1.952671779 18.42060702 84.48736889
  0.035 0.103736364 1.952671779 18.42060702 84.48736889
  0.035 0.103736364 1.952671779 18.42060702 84.48736889
  0.035 0.103736364 1.952671779 18.42060702 84.48736889
  0.035 0.103736364 1.952671779 18.42060702 84.48736889
  0.035 0.103736364 1.952671779 18.42060702 84.48736889
  0.035 0.103736364 1.952671779 18.42060702 84.48736889
  0.035 0.103736364 1.952671779 18.42060702 84.48736889
  0.035 0.103736364 1.952671779 18.42060702 84.48736889
  0.035 0.103736364 1.952671779 18.42060702 84.48736889
  0.035 0.103736364 1.952671779 18.42060702 84.48736889
  0.035 0.103736364 1.952671779 18.42060702 84.48736889
  0.035 0.103736364 1.952671779 18.42060702 84.48736889
  0.035 0.103736364 1.952671779 18.42060702 84.48736889
  0.035 0.103736364 1.952671779 18.42060702 84.48736889
  0.035 0.103736364 1.952671779 18.42060702 84.48736889
  0.035 0.103736364 1.952671779 18.42060702 84.48736889
  0.035 0.103736364 1.952671779 18.42060702 84.48736889
  0.035 0.103736364 1.952671779 18.42060702 84.48736889
  0.035 0.103736364 1.952671779 18.42060702 84.48736889
  0.035 0.103736364 1.952671779 18.42060702 84.48736889
  0.035 0.103736364 1.952671779 18.42060702 84.48736889
  0.035 0.103736364 1.952671779 18.42060702 84.48736889
  0.035 0.103736364 1.952671779 18.42060702 84.48736889
  0.035 0.103736364 1.952671779 18.42060702 84.48736889
  0.035 0.103736364 1.952671779 18.42060702 84.48736889
  0.035 0.103736364 1.952671779 18.42060702 84.48736889
  0.035 0.103736364 1.952671779 18.42060702 84.48736889
  0.035 0.103736364 1.952671779 18.42060702 84.48736889
  0.035 0.103736364 1.952671779 18.42060702 84.48736889
  0.035 0.103736364 1.952671779 18.42060702 84.48736889
  0.035 0.103736364 1.952671779 18.42060702 84.48736889
  0.035 0.103736364 1.952671779 18.42060702 84.48736889
  0.035 0.103736364 1.952671779 18.42060702 84.48736889
  0.035 0.103736364 1.952671779 18.42060702 84.48736889
  0.035 0.103736364 1.952671779 18.42060702 84.48736889
  0.035 0.103736364 1.952671779 18.42060702 84.48736889
  0.035 0.103736364 1.952671779 18.42060702 84.48736889
  0.035 0.103736364 1.952671779 18.42060702 84.48736889
  0.035 0.103736364 1.952671779 18.42060702 84.48736889
  0.035 0.103736364 1.952671779 18.42060702 84.48736889
  0.035 0.103736364 1.952671779 18.42060702 84.48736889
  0.035 0.103736364 1.952671779 18.42060702 84.48736889
  0.035 0.103736364 1.952671779 18.42060702 84.48736889
  0.035 0.103736364 1.952671779 18.42060702 84.48736889
  0.035 0.103736364 1.952671779 18.42060702 84.48736889
  0.035 0.103736364 1.952671779 18.42060702 84.48736889
  0.035 0.103736364 1.952671779 18.42060702 84.48736889
  0.035 0.103736364 1.952671779 18.42060702 84.48736889
  0.035 0.103736364 1.952671779 18.42060702 84.48736889
  0.035 0.103736364 1.952671779 18.42060702 84.48736889
  0.035 0.103736364 1.952671779 18.42060702 84.48736889
  0.035 0.103736364 1.952671779 18.42060702 84.48736889
  0.035 0.103736364 1.952671779 18.42060702 84.48736889
  0.035 0.103736364 1.952671779 18.42060702 84.48736889
  0.035 0.103736364 1.952671779 18.42060702 84.48736889
  0.035 0.103736364 1.952671779 18.42060702 84.48736889
  0.035 0.103736364 1.952671779 18.42060702 84.48736889
  0.035 0.103736364 1.952671779 18.42060702 84.48736889
  0.035 0.103736364 1.952671779 18.42060702 84.48736889
  0.035 0.103736364 1.952671779 18.42060702 84.48736889
  0.035 0.103736364 1.952671779 18.42060702 84.48736889
  0.035 0.103736364 1.952671779 18.42060702 84.48736889
  0.035 0.103736364 1.952671779 18.42060702 84.48736889
  0.035 0.103736364 1.952671779 18.42060702 84.48736889
  0.035 0.103736364 1.952671779 18.42060702 84.48736889
  0.035 0.103736364 1.952671779 18.42060702 84.48736889
  0.035 0.103736364 1.952671779 18.42060702 84.48736889
#  Atlantic_herring
  0.01 0.03 0.8 1.5 3
  0.01 0.03 0.8 1.5 3
  0.01 0.03 0.8 1.5 3
  0.01 0.03 0.8 1.5 3
  0.01 0.03 0.8 1.5 3
  0.01 0.03 0.8 1.5 3
  0.01 0.03 0.8 1.5 3
  0.01 0.03 0.8 1.5 3
  0.01 0.03 0.8 1.5 3
  0.01 0.03 0.8 1.5 3
  0.01 0.03 0.8 1.5 3
  0.01 0.03 0.8 1.5 3
  0.01 0.03 0.8 1.5 3
  0.01 0.03 0.8 1.5 3
  0.01 0.03 0.8 1.5 3
  0.01 0.03 0.8 1.5 3
  0.01 0.03 0.8 1.5 3
  0.01 0.03 0.8 1.5 3
  0.01 0.03 0.8 1.5 3
  0.01 0.03 0.8 1.5 3
  0.01 0.03 0.8 1.5 3
  0.01 0.03 0.8 1.5 3
  0.01 0.03 0.8 1.5 3
  0.01 0.03 0.8 1.5 3
  0.01 0.03 0.8 1.5 3
  0.01 0.03 0.8 1.5 3
  0.01 0.03 0.8 1.5 3
  0.01 0.03 0.8 1.5 3
  0.01 0.03 0.8 1.5 3
  0.01 0.03 0.8 1.5 3
  0.01 0.03 0.8 1.5 3
  0.01 0.03 0.8 1.5 3
  0.01 0.03 0.8 1.5 3
  0.01 0.03 0.8 1.5 3
  0.01 0.03 0.8 1.5 3
  0.01 0.03 0.8 1.5 3
  0.01 0.03 0.8 1.5 3
  0.01 0.03 0.8 1.5 3
  0.01 0.03 0.8 1.5 3
  0.01 0.03 0.8 1.5 3
  0.01 0.03 0.8 1.5 3
  0.01 0.03 0.8 1.5 3
  0.01 0.03 0.8 1.5 3
  0.01 0.03 0.8 1.5 3
  0.01 0.03 0.8 1.5 3
  0.01 0.03 0.8 1.5 3
  0.01 0.03 0.8 1.5 3
  0.01 0.03 0.8 1.5 3
  0.01 0.03 0.8 1.5 3
  0.01 0.03 0.8 1.5 3
  0.01 0.03 0.8 1.5 3
  0.01 0.03 0.8 1.5 3
  0.01 0.03 0.8 1.5 3
  0.01 0.03 0.8 1.5 3
  0.01 0.03 0.8 1.5 3
  0.01 0.03 0.8 1.5 3
  0.01 0.03 0.8 1.5 3
  0.01 0.03 0.8 1.5 3
  0.01 0.03 0.8 1.5 3
  0.01 0.03 0.8 1.5 3
  0.01 0.03 0.8 1.5 3
  0.01 0.03 0.8 1.5 3
  0.01 0.03 0.8 1.5 3
  0.01 0.03 0.8 1.5 3
  0.01 0.03 0.8 1.5 3
  0.01 0.03 0.8 1.5 3
  0.01 0.03 0.8 1.5 3
  0.01 0.03 0.8 1.5 3
  0.01 0.03 0.8 1.5 3
  0.01 0.03 0.8 1.5 3
  0.01 0.03 0.8 1.5 3
  0.01 0.03 0.8 1.5 3
  0.01 0.03 0.8 1.5 3
  0.01 0.03 0.8 1.5 3
  0.01 0.03 0.8 1.5 3
  0.01 0.03 0.8 1.5 3
  0.01 0.03 0.8 1.5 3
  0.01 0.03 0.8 1.5 3
  0.01 0.03 0.8 1.5 3
  0.01 0.03 0.8 1.5 3
  0.01 0.03 0.8 1.5 3
  0.01 0.03 0.8 1.5 3
  0.01 0.03 0.8 1.5 3
  0.01 0.03 0.8 1.5 3
  0.01 0.03 0.8 1.5 3
  0.01 0.03 0.8 1.5 3
  0.01 0.03 0.8 1.5 3
  0.01 0.03 0.8 1.5 3
  0.01 0.03 0.8 1.5 3
  0.01 0.03 0.8 1.5 3
  0.01 0.03 0.8 1.5 3
  0.01 0.03 0.8 1.5 3
  0.01 0.03 0.8 1.5 3
  0.01 0.03 0.8 1.5 3
  0.01 0.03 0.8 1.5 3
  0.01 0.03 0.8 1.5 3
  0.01 0.03 0.8 1.5 3
  0.01 0.03 0.8 1.5 3
  0.01 0.03 0.8 1.5 3
  0.01 0.03 0.8 1.5 3
  0.01 0.03 0.8 1.5 3
  0.01 0.03 0.8 1.5 3
  0.01 0.03 0.8 1.5 3
  0.01 0.03 0.8 1.5 3
  0.01 0.03 0.8 1.5 3
  0.01 0.03 0.8 1.5 3
  0.01 0.03 0.8 1.5 3
  0.01 0.03 0.8 1.5 3
  0.01 0.03 0.8 1.5 3
  0.01 0.03 0.8 1.5 3
  0.01 0.03 0.8 1.5 3
  0.01 0.03 0.8 1.5 3
  0.01 0.03 0.8 1.5 3
  0.01 0.03 0.8 1.5 3
  0.01 0.03 0.8 1.5 3
  0.01 0.03 0.8 1.5 3
  0.01 0.03 0.8 1.5 3
  0.01 0.03 0.8 1.5 3
  0.01 0.03 0.8 1.5 3
  0.01 0.03 0.8 1.5 3
  0.01 0.03 0.8 1.5 3
  0.01 0.03 0.8 1.5 3
  0.01 0.03 0.8 1.5 3
#  Atlantic_mackerel
  0.01 0.08 1.3 2 3
  0.01 0.08 1.3 2 3
  0.01 0.08 1.3 2 3
  0.01 0.08 1.3 2 3
  0.01 0.08 1.3 2 3
  0.01 0.08 1.3 2 3
  0.01 0.08 1.3 2 3
  0.01 0.08 1.3 2 3
  0.01 0.08 1.3 2 3
  0.01 0.08 1.3 2 3
  0.01 0.08 1.3 2 3
  0.01 0.08 1.3 2 3
  0.01 0.08 1.3 2 3
  0.01 0.08 1.3 2 3
  0.01 0.08 1.3 2 3
  0.01 0.08 1.3 2 3
  0.01 0.08 1.3 2 3
  0.01 0.08 1.3 2 3
  0.01 0.08 1.3 2 3
  0.01 0.08 1.3 2 3
  0.01 0.08 1.3 2 3
  0.01 0.08 1.3 2 3
  0.01 0.08 1.3 2 3
  0.01 0.08 1.3 2 3
  0.01 0.08 1.3 2 3
  0.01 0.08 1.3 2 3
  0.01 0.08 1.3 2 3
  0.01 0.08 1.3 2 3
  0.01 0.08 1.3 2 3
  0.01 0.08 1.3 2 3
  0.01 0.08 1.3 2 3
  0.01 0.08 1.3 2 3
  0.01 0.08 1.3 2 3
  0.01 0.08 1.3 2 3
  0.01 0.08 1.3 2 3
  0.01 0.08 1.3 2 3
  0.01 0.08 1.3 2 3
  0.01 0.08 1.3 2 3
  0.01 0.08 1.3 2 3
  0.01 0.08 1.3 2 3
  0.01 0.08 1.3 2 3
  0.01 0.08 1.3 2 3
  0.01 0.08 1.3 2 3
  0.01 0.08 1.3 2 3
  0.01 0.08 1.3 2 3
  0.01 0.08 1.3 2 3
  0.01 0.08 1.3 2 3
  0.01 0.08 1.3 2 3
  0.01 0.08 1.3 2 3
  0.01 0.08 1.3 2 3
  0.01 0.08 1.3 2 3
  0.01 0.08 1.3 2 3
  0.01 0.08 1.3 2 3
  0.01 0.08 1.3 2 3
  0.01 0.08 1.3 2 3
  0.01 0.08 1.3 2 3
  0.01 0.08 1.3 2 3
  0.01 0.08 1.3 2 3
  0.01 0.08 1.3 2 3
  0.01 0.08 1.3 2 3
  0.01 0.08 1.3 2 3
  0.01 0.08 1.3 2 3
  0.01 0.08 1.3 2 3
  0.01 0.08 1.3 2 3
  0.01 0.08 1.3 2 3
  0.01 0.08 1.3 2 3
  0.01 0.08 1.3 2 3
  0.01 0.08 1.3 2 3
  0.01 0.08 1.3 2 3
  0.01 0.08 1.3 2 3
  0.01 0.08 1.3 2 3
  0.01 0.08 1.3 2 3
  0.01 0.08 1.3 2 3
  0.01 0.08 1.3 2 3
  0.01 0.08 1.3 2 3
  0.01 0.08 1.3 2 3
  0.01 0.08 1.3 2 3
  0.01 0.08 1.3 2 3
  0.01 0.08 1.3 2 3
  0.01 0.08 1.3 2 3
  0.01 0.08 1.3 2 3
  0.01 0.08 1.3 2 3
  0.01 0.08 1.3 2 3
  0.01 0.08 1.3 2 3
  0.01 0.08 1.3 2 3
  0.01 0.08 1.3 2 3
  0.01 0.08 1.3 2 3
  0.01 0.08 1.3 2 3
  0.01 0.08 1.3 2 3
  0.01 0.08 1.3 2 3
  0.01 0.08 1.3 2 3
  0.01 0.08 1.3 2 3
  0.01 0.08 1.3 2 3
  0.01 0.08 1.3 2 3
  0.01 0.08 1.3 2 3
  0.01 0.08 1.3 2 3
  0.01 0.08 1.3 2 3
  0.01 0.08 1.3 2 3
  0.01 0.08 1.3 2 3
  0.01 0.08 1.3 2 3
  0.01 0.08 1.3 2 3
  0.01 0.08 1.3 2 3
  0.01 0.08 1.3 2 3
  0.01 0.08 1.3 2 3
  0.01 0.08 1.3 2 3
  0.01 0.08 1.3 2 3
  0.01 0.08 1.3 2 3
  0.01 0.08 1.3 2 3
  0.01 0.08 1.3 2 3
  0.01 0.08 1.3 2 3
  0.01 0.08 1.3 2 3
  0.01 0.08 1.3 2 3
  0.01 0.08 1.3 2 3
  0.01 0.08 1.3 2 3
  0.01 0.08 1.3 2 3
  0.01 0.08 1.3 2 3
  0.01 0.08 1.3 2 3
  0.01 0.08 1.3 2 3
  0.01 0.08 1.3 2 3
  0.01 0.08 1.3 2 3
  0.01 0.08 1.3 2 3
  0.01 0.08 1.3 2 3
  0.01 0.08 1.3 2 3
#  Goosefish
  0.090189781 1.952671779 9.334322368 28.80493233 77.55885308
  0.090189781 1.952671779 9.334322368 28.80493233 77.55885308
  0.090189781 1.952671779 9.334322368 28.80493233 77.55885308
  0.090189781 1.952671779 9.334322368 28.80493233 77.55885308
  0.090189781 1.952671779 9.334322368 28.80493233 77.55885308
  0.090189781 1.952671779 9.334322368 28.80493233 77.55885308
  0.090189781 1.952671779 9.334322368 28.80493233 77.55885308
  0.090189781 1.952671779 9.334322368 28.80493233 77.55885308
  0.090189781 1.952671779 9.334322368 28.80493233 77.55885308
  0.090189781 1.952671779 9.334322368 28.80493233 77.55885308
  0.090189781 1.952671779 9.334322368 28.80493233 77.55885308
  0.090189781 1.952671779 9.334322368 28.80493233 77.55885308
  0.090189781 1.952671779 9.334322368 28.80493233 77.55885308
  0.090189781 1.952671779 9.334322368 28.80493233 77.55885308
  0.090189781 1.952671779 9.334322368 28.80493233 77.55885308
  0.090189781 1.952671779 9.334322368 28.80493233 77.55885308
  0.090189781 1.952671779 9.334322368 28.80493233 77.55885308
  0.090189781 1.952671779 9.334322368 28.80493233 77.55885308
  0.090189781 1.952671779 9.334322368 28.80493233 77.55885308
  0.090189781 1.952671779 9.334322368 28.80493233 77.55885308
  0.090189781 1.952671779 9.334322368 28.80493233 77.55885308
  0.090189781 1.952671779 9.334322368 28.80493233 77.55885308
  0.090189781 1.952671779 9.334322368 28.80493233 77.55885308
  0.090189781 1.952671779 9.334322368 28.80493233 77.55885308
  0.090189781 1.952671779 9.334322368 28.80493233 77.55885308
  0.090189781 1.952671779 9.334322368 28.80493233 77.55885308
  0.090189781 1.952671779 9.334322368 28.80493233 77.55885308
  0.090189781 1.952671779 9.334322368 28.80493233 77.55885308
  0.090189781 1.952671779 9.334322368 28.80493233 77.55885308
  0.090189781 1.952671779 9.334322368 28.80493233 77.55885308
  0.090189781 1.952671779 9.334322368 28.80493233 77.55885308
  0.090189781 1.952671779 9.334322368 28.80493233 77.55885308
  0.090189781 1.952671779 9.334322368 28.80493233 77.55885308
  0.090189781 1.952671779 9.334322368 28.80493233 77.55885308
  0.090189781 1.952671779 9.334322368 28.80493233 77.55885308
  0.090189781 1.952671779 9.334322368 28.80493233 77.55885308
  0.090189781 1.952671779 9.334322368 28.80493233 77.55885308
  0.090189781 1.952671779 9.334322368 28.80493233 77.55885308
  0.090189781 1.952671779 9.334322368 28.80493233 77.55885308
  0.090189781 1.952671779 9.334322368 28.80493233 77.55885308
  0.090189781 1.952671779 9.334322368 28.80493233 77.55885308
  0.090189781 1.952671779 9.334322368 28.80493233 77.55885308
  0.090189781 1.952671779 9.334322368 28.80493233 77.55885308
  0.090189781 1.952671779 9.334322368 28.80493233 77.55885308
  0.090189781 1.952671779 9.334322368 28.80493233 77.55885308
  0.090189781 1.952671779 9.334322368 28.80493233 77.55885308
  0.090189781 1.952671779 9.334322368 28.80493233 77.55885308
  0.090189781 1.952671779 9.334322368 28.80493233 77.55885308
  0.090189781 1.952671779 9.334322368 28.80493233 77.55885308
  0.090189781 1.952671779 9.334322368 28.80493233 77.55885308
  0.090189781 1.952671779 9.334322368 28.80493233 77.55885308
  0.090189781 1.952671779 9.334322368 28.80493233 77.55885308
  0.090189781 1.952671779 9.334322368 28.80493233 77.55885308
  0.090189781 1.952671779 9.334322368 28.80493233 77.55885308
  0.090189781 1.952671779 9.334322368 28.80493233 77.55885308
  0.090189781 1.952671779 9.334322368 28.80493233 77.55885308
  0.090189781 1.952671779 9.334322368 28.80493233 77.55885308
  0.090189781 1.952671779 9.334322368 28.80493233 77.55885308
  0.090189781 1.952671779 9.334322368 28.80493233 77.55885308
  0.090189781 1.952671779 9.334322368 28.80493233 77.55885308
  0.090189781 1.952671779 9.334322368 28.80493233 77.55885308
  0.090189781 1.952671779 9.334322368 28.80493233 77.55885308
  0.090189781 1.952671779 9.334322368 28.80493233 77.55885308
  0.090189781 1.952671779 9.334322368 28.80493233 77.55885308
  0.090189781 1.952671779 9.334322368 28.80493233 77.55885308
  0.090189781 1.952671779 9.334322368 28.80493233 77.55885308
  0.090189781 1.952671779 9.334322368 28.80493233 77.55885308
  0.090189781 1.952671779 9.334322368 28.80493233 77.55885308
  0.090189781 1.952671779 9.334322368 28.80493233 77.55885308
  0.090189781 1.952671779 9.334322368 28.80493233 77.55885308
  0.090189781 1.952671779 9.334322368 28.80493233 77.55885308
  0.090189781 1.952671779 9.334322368 28.80493233 77.55885308
  0.090189781 1.952671779 9.334322368 28.80493233 77.55885308
  0.090189781 1.952671779 9.334322368 28.80493233 77.55885308
  0.090189781 1.952671779 9.334322368 28.80493233 77.55885308
  0.090189781 1.952671779 9.334322368 28.80493233 77.55885308
  0.090189781 1.952671779 9.334322368 28.80493233 77.55885308
  0.090189781 1.952671779 9.334322368 28.80493233 77.55885308
  0.090189781 1.952671779 9.334322368 28.80493233 77.55885308
  0.090189781 1.952671779 9.334322368 28.80493233 77.55885308
  0.090189781 1.952671779 9.334322368 28.80493233 77.55885308
  0.090189781 1.952671779 9.334322368 28.80493233 77.55885308
  0.090189781 1.952671779 9.334322368 28.80493233 77.55885308
  0.090189781 1.952671779 9.334322368 28.80493233 77.55885308
  0.090189781 1.952671779 9.334322368 28.80493233 77.55885308
  0.090189781 1.952671779 9.334322368 28.80493233 77.55885308
  0.090189781 1.952671779 9.334322368 28.80493233 77.55885308
  0.090189781 1.952671779 9.334322368 28.80493233 77.55885308
  0.090189781 1.952671779 9.334322368 28.80493233 77.55885308
  0.090189781 1.952671779 9.334322368 28.80493233 77.55885308
  0.090189781 1.952671779 9.334322368 28.80493233 77.55885308
  0.090189781 1.952671779 9.334322368 28.80493233 77.55885308
  0.090189781 1.952671779 9.334322368 28.80493233 77.55885308
  0.090189781 1.952671779 9.334322368 28.80493233 77.55885308
  0.090189781 1.952671779 9.334322368 28.80493233 77.55885308
  0.090189781 1.952671779 9.334322368 28.80493233 77.55885308
  0.090189781 1.952671779 9.334322368 28.80493233 77.55885308
  0.090189781 1.952671779 9.334322368 28.80493233 77.55885308
  0.090189781 1.952671779 9.334322368 28.80493233 77.55885308
  0.090189781 1.952671779 9.334322368 28.80493233 77.55885308
  0.090189781 1.952671779 9.334322368 28.80493233 77.55885308
  0.090189781 1.952671779 9.334322368 28.80493233 77.55885308
  0.090189781 1.952671779 9.334322368 28.80493233 77.55885308
  0.090189781 1.952671779 9.334322368 28.80493233 77.55885308
  0.090189781 1.952671779 9.334322368 28.80493233 77.55885308
  0.090189781 1.952671779 9.334322368 28.80493233 77.55885308
  0.090189781 1.952671779 9.334322368 28.80493233 77.55885308
  0.090189781 1.952671779 9.334322368 28.80493233 77.55885308
  0.090189781 1.952671779 9.334322368 28.80493233 77.55885308
  0.090189781 1.952671779 9.334322368 28.80493233 77.55885308
  0.090189781 1.952671779 9.334322368 28.80493233 77.55885308
  0.090189781 1.952671779 9.334322368 28.80493233 77.55885308
  0.090189781 1.952671779 9.334322368 28.80493233 77.55885308
  0.090189781 1.952671779 9.334322368 28.80493233 77.55885308
  0.090189781 1.952671779 9.334322368 28.80493233 77.55885308
  0.090189781 1.952671779 9.334322368 28.80493233 77.55885308
  0.090189781 1.952671779 9.334322368 28.80493233 77.55885308
  0.090189781 1.952671779 9.334322368 28.80493233 77.55885308
  0.090189781 1.952671779 9.334322368 28.80493233 77.55885308
  0.090189781 1.952671779 9.334322368 28.80493233 77.55885308
  0.090189781 1.952671779 9.334322368 28.80493233 77.55885308
  0.090189781 1.952671779 9.334322368 28.80493233 77.55885308
  0.090189781 1.952671779 9.334322368 28.80493233 77.55885308
#  Haddock
  0.031 0.096183673 0.939220418 3.915192982 12.07313904
  0.031 0.096183673 0.939220418 3.915192982 12.07313904
  0.031 0.096183673 0.939220418 3.915192982 12.07313904
  0.031 0.096183673 0.939220418 3.915192982 12.07313904
  0.031 0.096183673 0.939220418 3.915192982 12.07313904
  0.031 0.096183673 0.939220418 3.915192982 12.07313904
  0.031 0.096183673 0.939220418 3.915192982 12.07313904
  0.031 0.096183673 0.939220418 3.915192982 12.07313904
  0.031 0.096183673 0.939220418 3.915192982 12.07313904
  0.031 0.096183673 0.939220418 3.915192982 12.07313904
  0.031 0.096183673 0.939220418 3.915192982 12.07313904
  0.031 0.096183673 0.939220418 3.915192982 12.07313904
  0.031 0.096183673 0.939220418 3.915192982 12.07313904
  0.031 0.096183673 0.939220418 3.915192982 12.07313904
  0.031 0.096183673 0.939220418 3.915192982 12.07313904
  0.031 0.096183673 0.939220418 3.915192982 12.07313904
  0.031 0.096183673 0.939220418 3.915192982 12.07313904
  0.031 0.096183673 0.939220418 3.915192982 12.07313904
  0.031 0.096183673 0.939220418 3.915192982 12.07313904
  0.031 0.096183673 0.939220418 3.915192982 12.07313904
  0.031 0.096183673 0.939220418 3.915192982 12.07313904
  0.031 0.096183673 0.939220418 3.915192982 12.07313904
  0.031 0.096183673 0.939220418 3.915192982 12.07313904
  0.031 0.096183673 0.939220418 3.915192982 12.07313904
  0.031 0.096183673 0.939220418 3.915192982 12.07313904
  0.031 0.096183673 0.939220418 3.915192982 12.07313904
  0.031 0.096183673 0.939220418 3.915192982 12.07313904
  0.031 0.096183673 0.939220418 3.915192982 12.07313904
  0.031 0.096183673 0.939220418 3.915192982 12.07313904
  0.031 0.096183673 0.939220418 3.915192982 12.07313904
  0.031 0.096183673 0.939220418 3.915192982 12.07313904
  0.031 0.096183673 0.939220418 3.915192982 12.07313904
  0.031 0.096183673 0.939220418 3.915192982 12.07313904
  0.031 0.096183673 0.939220418 3.915192982 12.07313904
  0.031 0.096183673 0.939220418 3.915192982 12.07313904
  0.031 0.096183673 0.939220418 3.915192982 12.07313904
  0.031 0.096183673 0.939220418 3.915192982 12.07313904
  0.031 0.096183673 0.939220418 3.915192982 12.07313904
  0.031 0.096183673 0.939220418 3.915192982 12.07313904
  0.031 0.096183673 0.939220418 3.915192982 12.07313904
  0.031 0.096183673 0.939220418 3.915192982 12.07313904
  0.031 0.096183673 0.939220418 3.915192982 12.07313904
  0.031 0.096183673 0.939220418 3.915192982 12.07313904
  0.031 0.096183673 0.939220418 3.915192982 12.07313904
  0.031 0.096183673 0.939220418 3.915192982 12.07313904
  0.031 0.096183673 0.939220418 3.915192982 12.07313904
  0.031 0.096183673 0.939220418 3.915192982 12.07313904
  0.031 0.096183673 0.939220418 3.915192982 12.07313904
  0.031 0.096183673 0.939220418 3.915192982 12.07313904
  0.031 0.096183673 0.939220418 3.915192982 12.07313904
  0.031 0.096183673 0.939220418 3.915192982 12.07313904
  0.031 0.096183673 0.939220418 3.915192982 12.07313904
  0.031 0.096183673 0.939220418 3.915192982 12.07313904
  0.031 0.096183673 0.939220418 3.915192982 12.07313904
  0.031 0.096183673 0.939220418 3.915192982 12.07313904
  0.031 0.096183673 0.939220418 3.915192982 12.07313904
  0.031 0.096183673 0.939220418 3.915192982 12.07313904
  0.031 0.096183673 0.939220418 3.915192982 12.07313904
  0.031 0.096183673 0.939220418 3.915192982 12.07313904
  0.031 0.096183673 0.939220418 3.915192982 12.07313904
  0.031 0.096183673 0.939220418 3.915192982 12.07313904
  0.031 0.096183673 0.939220418 3.915192982 12.07313904
  0.031 0.096183673 0.939220418 3.915192982 12.07313904
  0.031 0.096183673 0.939220418 3.915192982 12.07313904
  0.031 0.096183673 0.939220418 3.915192982 12.07313904
  0.031 0.096183673 0.939220418 3.915192982 12.07313904
  0.031 0.096183673 0.939220418 3.915192982 12.07313904
  0.031 0.096183673 0.939220418 3.915192982 12.07313904
  0.031 0.096183673 0.939220418 3.915192982 12.07313904
  0.031 0.096183673 0.939220418 3.915192982 12.07313904
  0.031 0.096183673 0.939220418 3.915192982 12.07313904
  0.031 0.096183673 0.939220418 3.915192982 12.07313904
  0.031 0.096183673 0.939220418 3.915192982 12.07313904
  0.031 0.096183673 0.939220418 3.915192982 12.07313904
  0.031 0.096183673 0.939220418 3.915192982 12.07313904
  0.031 0.096183673 0.939220418 3.915192982 12.07313904
  0.031 0.096183673 0.939220418 3.915192982 12.07313904
  0.031 0.096183673 0.939220418 3.915192982 12.07313904
  0.031 0.096183673 0.939220418 3.915192982 12.07313904
  0.031 0.096183673 0.939220418 3.915192982 12.07313904
  0.031 0.096183673 0.939220418 3.915192982 12.07313904
  0.031 0.096183673 0.939220418 3.915192982 12.07313904
  0.031 0.096183673 0.939220418 3.915192982 12.07313904
  0.031 0.096183673 0.939220418 3.915192982 12.07313904
  0.031 0.096183673 0.939220418 3.915192982 12.07313904
  0.031 0.096183673 0.939220418 3.915192982 12.07313904
  0.031 0.096183673 0.939220418 3.915192982 12.07313904
  0.031 0.096183673 0.939220418 3.915192982 12.07313904
  0.031 0.096183673 0.939220418 3.915192982 12.07313904
  0.031 0.096183673 0.939220418 3.915192982 12.07313904
  0.031 0.096183673 0.939220418 3.915192982 12.07313904
  0.031 0.096183673 0.939220418 3.915192982 12.07313904
  0.031 0.096183673 0.939220418 3.915192982 12.07313904
  0.031 0.096183673 0.939220418 3.915192982 12.07313904
  0.031 0.096183673 0.939220418 3.915192982 12.07313904
  0.031 0.096183673 0.939220418 3.915192982 12.07313904
  0.031 0.096183673 0.939220418 3.915192982 12.07313904
  0.031 0.096183673 0.939220418 3.915192982 12.07313904
  0.031 0.096183673 0.939220418 3.915192982 12.07313904
  0.031 0.096183673 0.939220418 3.915192982 12.07313904
  0.031 0.096183673 0.939220418 3.915192982 12.07313904
  0.031 0.096183673 0.939220418 3.915192982 12.07313904
  0.031 0.096183673 0.939220418 3.915192982 12.07313904
  0.031 0.096183673 0.939220418 3.915192982 12.07313904
  0.031 0.096183673 0.939220418 3.915192982 12.07313904
  0.031 0.096183673 0.939220418 3.915192982 12.07313904
  0.031 0.096183673 0.939220418 3.915192982 12.07313904
  0.031 0.096183673 0.939220418 3.915192982 12.07313904
  0.031 0.096183673 0.939220418 3.915192982 12.07313904
  0.031 0.096183673 0.939220418 3.915192982 12.07313904
  0.031 0.096183673 0.939220418 3.915192982 12.07313904
  0.031 0.096183673 0.939220418 3.915192982 12.07313904
  0.031 0.096183673 0.939220418 3.915192982 12.07313904
  0.031 0.096183673 0.939220418 3.915192982 12.07313904
  0.031 0.096183673 0.939220418 3.915192982 12.07313904
  0.031 0.096183673 0.939220418 3.915192982 12.07313904
  0.031 0.096183673 0.939220418 3.915192982 12.07313904
  0.031 0.096183673 0.939220418 3.915192982 12.07313904
  0.031 0.096183673 0.939220418 3.915192982 12.07313904
  0.031 0.096183673 0.939220418 3.915192982 12.07313904
  0.031 0.096183673 0.939220418 3.915192982 12.07313904
  0.031 0.096183673 0.939220418 3.915192982 12.07313904
  0.031 0.096183673 0.939220418 3.915192982 12.07313904
#  Silver_hake
  0.039893347 0.179748344 0.512104803 4.879748476 20.262
  0.039893347 0.179748344 0.512104803 4.879748476 20.262
  0.039893347 0.179748344 0.512104803 4.879748476 20.262
  0.039893347 0.179748344 0.512104803 4.879748476 20.262
  0.039893347 0.179748344 0.512104803 4.879748476 20.262
  0.039893347 0.179748344 0.512104803 4.879748476 20.262
  0.039893347 0.179748344 0.512104803 4.879748476 20.262
  0.039893347 0.179748344 0.512104803 4.879748476 20.262
  0.039893347 0.179748344 0.512104803 4.879748476 20.262
  0.039893347 0.179748344 0.512104803 4.879748476 20.262
  0.039893347 0.179748344 0.512104803 4.879748476 20.262
  0.039893347 0.179748344 0.512104803 4.879748476 20.262
  0.039893347 0.179748344 0.512104803 4.879748476 20.262
  0.039893347 0.179748344 0.512104803 4.879748476 20.262
  0.039893347 0.179748344 0.512104803 4.879748476 20.262
  0.039893347 0.179748344 0.512104803 4.879748476 20.262
  0.039893347 0.179748344 0.512104803 4.879748476 20.262
  0.039893347 0.179748344 0.512104803 4.879748476 20.262
  0.039893347 0.179748344 0.512104803 4.879748476 20.262
  0.039893347 0.179748344 0.512104803 4.879748476 20.262
  0.039893347 0.179748344 0.512104803 4.879748476 20.262
  0.039893347 0.179748344 0.512104803 4.879748476 20.262
  0.039893347 0.179748344 0.512104803 4.879748476 20.262
  0.039893347 0.179748344 0.512104803 4.879748476 20.262
  0.039893347 0.179748344 0.512104803 4.879748476 20.262
  0.039893347 0.179748344 0.512104803 4.879748476 20.262
  0.039893347 0.179748344 0.512104803 4.879748476 20.262
  0.039893347 0.179748344 0.512104803 4.879748476 20.262
  0.039893347 0.179748344 0.512104803 4.879748476 20.262
  0.039893347 0.179748344 0.512104803 4.879748476 20.262
  0.039893347 0.179748344 0.512104803 4.879748476 20.262
  0.039893347 0.179748344 0.512104803 4.879748476 20.262
  0.039893347 0.179748344 0.512104803 4.879748476 20.262
  0.039893347 0.179748344 0.512104803 4.879748476 20.262
  0.039893347 0.179748344 0.512104803 4.879748476 20.262
  0.039893347 0.179748344 0.512104803 4.879748476 20.262
  0.039893347 0.179748344 0.512104803 4.879748476 20.262
  0.039893347 0.179748344 0.512104803 4.879748476 20.262
  0.039893347 0.179748344 0.512104803 4.879748476 20.262
  0.039893347 0.179748344 0.512104803 4.879748476 20.262
  0.039893347 0.179748344 0.512104803 4.879748476 20.262
  0.039893347 0.179748344 0.512104803 4.879748476 20.262
  0.039893347 0.179748344 0.512104803 4.879748476 20.262
  0.039893347 0.179748344 0.512104803 4.879748476 20.262
  0.039893347 0.179748344 0.512104803 4.879748476 20.262
  0.039893347 0.179748344 0.512104803 4.879748476 20.262
  0.039893347 0.179748344 0.512104803 4.879748476 20.262
  0.039893347 0.179748344 0.512104803 4.879748476 20.262
  0.039893347 0.179748344 0.512104803 4.879748476 20.262
  0.039893347 0.179748344 0.512104803 4.879748476 20.262
  0.039893347 0.179748344 0.512104803 4.879748476 20.262
  0.039893347 0.179748344 0.512104803 4.879748476 20.262
  0.039893347 0.179748344 0.512104803 4.879748476 20.262
  0.039893347 0.179748344 0.512104803 4.879748476 20.262
  0.039893347 0.179748344 0.512104803 4.879748476 20.262
  0.039893347 0.179748344 0.512104803 4.879748476 20.262
  0.039893347 0.179748344 0.512104803 4.879748476 20.262
  0.039893347 0.179748344 0.512104803 4.879748476 20.262
  0.039893347 0.179748344 0.512104803 4.879748476 20.262
  0.039893347 0.179748344 0.512104803 4.879748476 20.262
  0.039893347 0.179748344 0.512104803 4.879748476 20.262
  0.039893347 0.179748344 0.512104803 4.879748476 20.262
  0.039893347 0.179748344 0.512104803 4.879748476 20.262
  0.039893347 0.179748344 0.512104803 4.879748476 20.262
  0.039893347 0.179748344 0.512104803 4.879748476 20.262
  0.039893347 0.179748344 0.512104803 4.879748476 20.262
  0.039893347 0.179748344 0.512104803 4.879748476 20.262
  0.039893347 0.179748344 0.512104803 4.879748476 20.262
  0.039893347 0.179748344 0.512104803 4.879748476 20.262
  0.039893347 0.179748344 0.512104803 4.879748476 20.262
  0.039893347 0.179748344 0.512104803 4.879748476 20.262
  0.039893347 0.179748344 0.512104803 4.879748476 20.262
  0.039893347 0.179748344 0.512104803 4.879748476 20.262
  0.039893347 0.179748344 0.512104803 4.879748476 20.262
  0.039893347 0.179748344 0.512104803 4.879748476 20.262
  0.039893347 0.179748344 0.512104803 4.879748476 20.262
  0.039893347 0.179748344 0.512104803 4.879748476 20.262
  0.039893347 0.179748344 0.512104803 4.879748476 20.262
  0.039893347 0.179748344 0.512104803 4.879748476 20.262
  0.039893347 0.179748344 0.512104803 4.879748476 20.262
  0.039893347 0.179748344 0.512104803 4.879748476 20.262
  0.039893347 0.179748344 0.512104803 4.879748476 20.262
  0.039893347 0.179748344 0.512104803 4.879748476 20.262
  0.039893347 0.179748344 0.512104803 4.879748476 20.262
  0.039893347 0.179748344 0.512104803 4.879748476 20.262
  0.039893347 0.179748344 0.512104803 4.879748476 20.262
  0.039893347 0.179748344 0.512104803 4.879748476 20.262
  0.039893347 0.179748344 0.512104803 4.879748476 20.262
  0.039893347 0.179748344 0.512104803 4.879748476 20.262
  0.039893347 0.179748344 0.512104803 4.879748476 20.262
  0.039893347 0.179748344 0.512104803 4.879748476 20.262
  0.039893347 0.179748344 0.512104803 4.879748476 20.262
  0.039893347 0.179748344 0.512104803 4.879748476 20.262
  0.039893347 0.179748344 0.512104803 4.879748476 20.262
  0.039893347 0.179748344 0.512104803 4.879748476 20.262
  0.039893347 0.179748344 0.512104803 4.879748476 20.262
  0.039893347 0.179748344 0.512104803 4.879748476 20.262
  0.039893347 0.179748344 0.512104803 4.879748476 20.262
  0.039893347 0.179748344 0.512104803 4.879748476 20.262
  0.039893347 0.179748344 0.512104803 4.879748476 20.262
  0.039893347 0.179748344 0.512104803 4.879748476 20.262
  0.039893347 0.179748344 0.512104803 4.879748476 20.262
  0.039893347 0.179748344 0.512104803 4.879748476 20.262
  0.039893347 0.179748344 0.512104803 4.879748476 20.262
  0.039893347 0.179748344 0.512104803 4.879748476 20.262
  0.039893347 0.179748344 0.512104803 4.879748476 20.262
  0.039893347 0.179748344 0.512104803 4.879748476 20.262
  0.039893347 0.179748344 0.512104803 4.879748476 20.262
  0.039893347 0.179748344 0.512104803 4.879748476 20.262
  0.039893347 0.179748344 0.512104803 4.879748476 20.262
  0.039893347 0.179748344 0.512104803 4.879748476 20.262
  0.039893347 0.179748344 0.512104803 4.879748476 20.262
  0.039893347 0.179748344 0.512104803 4.879748476 20.262
  0.039893347 0.179748344 0.512104803 4.879748476 20.262
  0.039893347 0.179748344 0.512104803 4.879748476 20.262
  0.039893347 0.179748344 0.512104803 4.879748476 20.262
  0.039893347 0.179748344 0.512104803 4.879748476 20.262
  0.039893347 0.179748344 0.512104803 4.879748476 20.262
  0.039893347 0.179748344 0.512104803 4.879748476 20.262
  0.039893347 0.179748344 0.512104803 4.879748476 20.262
  0.039893347 0.179748344 0.512104803 4.879748476 20.262
  0.039893347 0.179748344 0.512104803 4.879748476 20.262
  0.039893347 0.179748344 0.512104803 4.879748476 20.262
#  Spiny_dogfish
  0.090189781 1.952671779 9.334322368 28.80493233 77.55885308
  0.090189781 1.952671779 9.334322368 28.80493233 77.55885308
  0.090189781 1.952671779 9.334322368 28.80493233 77.55885308
  0.090189781 1.952671779 9.334322368 28.80493233 77.55885308
  0.090189781 1.952671779 9.334322368 28.80493233 77.55885308
  0.090189781 1.952671779 9.334322368 28.80493233 77.55885308
  0.090189781 1.952671779 9.334322368 28.80493233 77.55885308
  0.090189781 1.952671779 9.334322368 28.80493233 77.55885308
  0.090189781 1.952671779 9.334322368 28.80493233 77.55885308
  0.090189781 1.952671779 9.334322368 28.80493233 77.55885308
  0.090189781 1.952671779 9.334322368 28.80493233 77.55885308
  0.090189781 1.952671779 9.334322368 28.80493233 77.55885308
  0.090189781 1.952671779 9.334322368 28.80493233 77.55885308
  0.090189781 1.952671779 9.334322368 28.80493233 77.55885308
  0.090189781 1.952671779 9.334322368 28.80493233 77.55885308
  0.090189781 1.952671779 9.334322368 28.80493233 77.55885308
  0.090189781 1.952671779 9.334322368 28.80493233 77.55885308
  0.090189781 1.952671779 9.334322368 28.80493233 77.55885308
  0.090189781 1.952671779 9.334322368 28.80493233 77.55885308
  0.090189781 1.952671779 9.334322368 28.80493233 77.55885308
  0.090189781 1.952671779 9.334322368 28.80493233 77.55885308
  0.090189781 1.952671779 9.334322368 28.80493233 77.55885308
  0.090189781 1.952671779 9.334322368 28.80493233 77.55885308
  0.090189781 1.952671779 9.334322368 28.80493233 77.55885308
  0.090189781 1.952671779 9.334322368 28.80493233 77.55885308
  0.090189781 1.952671779 9.334322368 28.80493233 77.55885308
  0.090189781 1.952671779 9.334322368 28.80493233 77.55885308
  0.090189781 1.952671779 9.334322368 28.80493233 77.55885308
  0.090189781 1.952671779 9.334322368 28.80493233 77.55885308
  0.090189781 1.952671779 9.334322368 28.80493233 77.55885308
  0.090189781 1.952671779 9.334322368 28.80493233 77.55885308
  0.090189781 1.952671779 9.334322368 28.80493233 77.55885308
  0.090189781 1.952671779 9.334322368 28.80493233 77.55885308
  0.090189781 1.952671779 9.334322368 28.80493233 77.55885308
  0.090189781 1.952671779 9.334322368 28.80493233 77.55885308
  0.090189781 1.952671779 9.334322368 28.80493233 77.55885308
  0.090189781 1.952671779 9.334322368 28.80493233 77.55885308
  0.090189781 1.952671779 9.334322368 28.80493233 77.55885308
  0.090189781 1.952671779 9.334322368 28.80493233 77.55885308
  0.090189781 1.952671779 9.334322368 28.80493233 77.55885308
  0.090189781 1.952671779 9.334322368 28.80493233 77.55885308
  0.090189781 1.952671779 9.334322368 28.80493233 77.55885308
  0.090189781 1.952671779 9.334322368 28.80493233 77.55885308
  0.090189781 1.952671779 9.334322368 28.80493233 77.55885308
  0.090189781 1.952671779 9.334322368 28.80493233 77.55885308
  0.090189781 1.952671779 9.334322368 28.80493233 77.55885308
  0.090189781 1.952671779 9.334322368 28.80493233 77.55885308
  0.090189781 1.952671779 9.334322368 28.80493233 77.55885308
  0.090189781 1.952671779 9.334322368 28.80493233 77.55885308
  0.090189781 1.952671779 9.334322368 28.80493233 77.55885308
  0.090189781 1.952671779 9.334322368 28.80493233 77.55885308
  0.090189781 1.952671779 9.334322368 28.80493233 77.55885308
  0.090189781 1.952671779 9.334322368 28.80493233 77.55885308
  0.090189781 1.952671779 9.334322368 28.80493233 77.55885308
  0.090189781 1.952671779 9.334322368 28.80493233 77.55885308
  0.090189781 1.952671779 9.334322368 28.80493233 77.55885308
  0.090189781 1.952671779 9.334322368 28.80493233 77.55885308
  0.090189781 1.952671779 9.334322368 28.80493233 77.55885308
  0.090189781 1.952671779 9.334322368 28.80493233 77.55885308
  0.090189781 1.952671779 9.334322368 28.80493233 77.55885308
  0.090189781 1.952671779 9.334322368 28.80493233 77.55885308
  0.090189781 1.952671779 9.334322368 28.80493233 77.55885308
  0.090189781 1.952671779 9.334322368 28.80493233 77.55885308
  0.090189781 1.952671779 9.334322368 28.80493233 77.55885308
  0.090189781 1.952671779 9.334322368 28.80493233 77.55885308
  0.090189781 1.952671779 9.334322368 28.80493233 77.55885308
  0.090189781 1.952671779 9.334322368 28.80493233 77.55885308
  0.090189781 1.952671779 9.334322368 28.80493233 77.55885308
  0.090189781 1.952671779 9.334322368 28.80493233 77.55885308
  0.090189781 1.952671779 9.334322368 28.80493233 77.55885308
  0.090189781 1.952671779 9.334322368 28.80493233 77.55885308
  0.090189781 1.952671779 9.334322368 28.80493233 77.55885308
  0.090189781 1.952671779 9.334322368 28.80493233 77.55885308
  0.090189781 1.952671779 9.334322368 28.80493233 77.55885308
  0.090189781 1.952671779 9.334322368 28.80493233 77.55885308
  0.090189781 1.952671779 9.334322368 28.80493233 77.55885308
  0.090189781 1.952671779 9.334322368 28.80493233 77.55885308
  0.090189781 1.952671779 9.334322368 28.80493233 77.55885308
  0.090189781 1.952671779 9.334322368 28.80493233 77.55885308
  0.090189781 1.952671779 9.334322368 28.80493233 77.55885308
  0.090189781 1.952671779 9.334322368 28.80493233 77.55885308
  0.090189781 1.952671779 9.334322368 28.80493233 77.55885308
  0.090189781 1.952671779 9.334322368 28.80493233 77.55885308
  0.090189781 1.952671779 9.334322368 28.80493233 77.55885308
  0.090189781 1.952671779 9.334322368 28.80493233 77.55885308
  0.090189781 1.952671779 9.334322368 28.80493233 77.55885308
  0.090189781 1.952671779 9.334322368 28.80493233 77.55885308
  0.090189781 1.952671779 9.334322368 28.80493233 77.55885308
  0.090189781 1.952671779 9.334322368 28.80493233 77.55885308
  0.090189781 1.952671779 9.334322368 28.80493233 77.55885308
  0.090189781 1.952671779 9.334322368 28.80493233 77.55885308
  0.090189781 1.952671779 9.334322368 28.80493233 77.55885308
  0.090189781 1.952671779 9.334322368 28.80493233 77.55885308
  0.090189781 1.952671779 9.334322368 28.80493233 77.55885308
  0.090189781 1.952671779 9.334322368 28.80493233 77.55885308
  0.090189781 1.952671779 9.334322368 28.80493233 77.55885308
  0.090189781 1.952671779 9.334322368 28.80493233 77.55885308
  0.090189781 1.952671779 9.334322368 28.80493233 77.55885308
  0.090189781 1.952671779 9.334322368 28.80493233 77.55885308
  0.090189781 1.952671779 9.334322368 28.80493233 77.55885308
  0.090189781 1.952671779 9.334322368 28.80493233 77.55885308
  0.090189781 1.952671779 9.334322368 28.80493233 77.55885308
  0.090189781 1.952671779 9.334322368 28.80493233 77.55885308
  0.090189781 1.952671779 9.334322368 28.80493233 77.55885308
  0.090189781 1.952671779 9.334322368 28.80493233 77.55885308
  0.090189781 1.952671779 9.334322368 28.80493233 77.55885308
  0.090189781 1.952671779 9.334322368 28.80493233 77.55885308
  0.090189781 1.952671779 9.334322368 28.80493233 77.55885308
  0.090189781 1.952671779 9.334322368 28.80493233 77.55885308
  0.090189781 1.952671779 9.334322368 28.80493233 77.55885308
  0.090189781 1.952671779 9.334322368 28.80493233 77.55885308
  0.090189781 1.952671779 9.334322368 28.80493233 77.55885308
  0.090189781 1.952671779 9.334322368 28.80493233 77.55885308
  0.090189781 1.952671779 9.334322368 28.80493233 77.55885308
  0.090189781 1.952671779 9.334322368 28.80493233 77.55885308
  0.090189781 1.952671779 9.334322368 28.80493233 77.55885308
  0.090189781 1.952671779 9.334322368 28.80493233 77.55885308
  0.090189781 1.952671779 9.334322368 28.80493233 77.55885308
  0.090189781 1.952671779 9.334322368 28.80493233 77.55885308
  0.090189781 1.952671779 9.334322368 28.80493233 77.55885308
  0.090189781 1.952671779 9.334322368 28.80493233 77.55885308
  0.090189781 1.952671779 9.334322368 28.80493233 77.55885308
  0.090189781 1.952671779 9.334322368 28.80493233 77.55885308
#  Winter_flounder
  0.016072464 0.086965517 0.237958824 0.442743017 1.583142857
  0.016072464 0.086965517 0.237958824 0.442743017 1.583142857
  0.016072464 0.086965517 0.237958824 0.442743017 1.583142857
  0.016072464 0.086965517 0.237958824 0.442743017 1.583142857
  0.016072464 0.086965517 0.237958824 0.442743017 1.583142857
  0.016072464 0.086965517 0.237958824 0.442743017 1.583142857
  0.016072464 0.086965517 0.237958824 0.442743017 1.583142857
  0.016072464 0.086965517 0.237958824 0.442743017 1.583142857
  0.016072464 0.086965517 0.237958824 0.442743017 1.583142857
  0.016072464 0.086965517 0.237958824 0.442743017 1.583142857
  0.016072464 0.086965517 0.237958824 0.442743017 1.583142857
  0.016072464 0.086965517 0.237958824 0.442743017 1.583142857
  0.016072464 0.086965517 0.237958824 0.442743017 1.583142857
  0.016072464 0.086965517 0.237958824 0.442743017 1.583142857
  0.016072464 0.086965517 0.237958824 0.442743017 1.583142857
  0.016072464 0.086965517 0.237958824 0.442743017 1.583142857
  0.016072464 0.086965517 0.237958824 0.442743017 1.583142857
  0.016072464 0.086965517 0.237958824 0.442743017 1.583142857
  0.016072464 0.086965517 0.237958824 0.442743017 1.583142857
  0.016072464 0.086965517 0.237958824 0.442743017 1.583142857
  0.016072464 0.086965517 0.237958824 0.442743017 1.583142857
  0.016072464 0.086965517 0.237958824 0.442743017 1.583142857
  0.016072464 0.086965517 0.237958824 0.442743017 1.583142857
  0.016072464 0.086965517 0.237958824 0.442743017 1.583142857
  0.016072464 0.086965517 0.237958824 0.442743017 1.583142857
  0.016072464 0.086965517 0.237958824 0.442743017 1.583142857
  0.016072464 0.086965517 0.237958824 0.442743017 1.583142857
  0.016072464 0.086965517 0.237958824 0.442743017 1.583142857
  0.016072464 0.086965517 0.237958824 0.442743017 1.583142857
  0.016072464 0.086965517 0.237958824 0.442743017 1.583142857
  0.016072464 0.086965517 0.237958824 0.442743017 1.583142857
  0.016072464 0.086965517 0.237958824 0.442743017 1.583142857
  0.016072464 0.086965517 0.237958824 0.442743017 1.583142857
  0.016072464 0.086965517 0.237958824 0.442743017 1.583142857
  0.016072464 0.086965517 0.237958824 0.442743017 1.583142857
  0.016072464 0.086965517 0.237958824 0.442743017 1.583142857
  0.016072464 0.086965517 0.237958824 0.442743017 1.583142857
  0.016072464 0.086965517 0.237958824 0.442743017 1.583142857
  0.016072464 0.086965517 0.237958824 0.442743017 1.583142857
  0.016072464 0.086965517 0.237958824 0.442743017 1.583142857
  0.016072464 0.086965517 0.237958824 0.442743017 1.583142857
  0.016072464 0.086965517 0.237958824 0.442743017 1.583142857
  0.016072464 0.086965517 0.237958824 0.442743017 1.583142857
  0.016072464 0.086965517 0.237958824 0.442743017 1.583142857
  0.016072464 0.086965517 0.237958824 0.442743017 1.583142857
  0.016072464 0.086965517 0.237958824 0.442743017 1.583142857
  0.016072464 0.086965517 0.237958824 0.442743017 1.583142857
  0.016072464 0.086965517 0.237958824 0.442743017 1.583142857
  0.016072464 0.086965517 0.237958824 0.442743017 1.583142857
  0.016072464 0.086965517 0.237958824 0.442743017 1.583142857
  0.016072464 0.086965517 0.237958824 0.442743017 1.583142857
  0.016072464 0.086965517 0.237958824 0.442743017 1.583142857
  0.016072464 0.086965517 0.237958824 0.442743017 1.583142857
  0.016072464 0.086965517 0.237958824 0.442743017 1.583142857
  0.016072464 0.086965517 0.237958824 0.442743017 1.583142857
  0.016072464 0.086965517 0.237958824 0.442743017 1.583142857
  0.016072464 0.086965517 0.237958824 0.442743017 1.583142857
  0.016072464 0.086965517 0.237958824 0.442743017 1.583142857
  0.016072464 0.086965517 0.237958824 0.442743017 1.583142857
  0.016072464 0.086965517 0.237958824 0.442743017 1.583142857
  0.016072464 0.086965517 0.237958824 0.442743017 1.583142857
  0.016072464 0.086965517 0.237958824 0.442743017 1.583142857
  0.016072464 0.086965517 0.237958824 0.442743017 1.583142857
  0.016072464 0.086965517 0.237958824 0.442743017 1.583142857
  0.016072464 0.086965517 0.237958824 0.442743017 1.583142857
  0.016072464 0.086965517 0.237958824 0.442743017 1.583142857
  0.016072464 0.086965517 0.237958824 0.442743017 1.583142857
  0.016072464 0.086965517 0.237958824 0.442743017 1.583142857
  0.016072464 0.086965517 0.237958824 0.442743017 1.583142857
  0.016072464 0.086965517 0.237958824 0.442743017 1.583142857
  0.016072464 0.086965517 0.237958824 0.442743017 1.583142857
  0.016072464 0.086965517 0.237958824 0.442743017 1.583142857
  0.016072464 0.086965517 0.237958824 0.442743017 1.583142857
  0.016072464 0.086965517 0.237958824 0.442743017 1.583142857
  0.016072464 0.086965517 0.237958824 0.442743017 1.583142857
  0.016072464 0.086965517 0.237958824 0.442743017 1.583142857
  0.016072464 0.086965517 0.237958824 0.442743017 1.583142857
  0.016072464 0.086965517 0.237958824 0.442743017 1.583142857
  0.016072464 0.086965517 0.237958824 0.442743017 1.583142857
  0.016072464 0.086965517 0.237958824 0.442743017 1.583142857
  0.016072464 0.086965517 0.237958824 0.442743017 1.583142857
  0.016072464 0.086965517 0.237958824 0.442743017 1.583142857
  0.016072464 0.086965517 0.237958824 0.442743017 1.583142857
  0.016072464 0.086965517 0.237958824 0.442743017 1.583142857
  0.016072464 0.086965517 0.237958824 0.442743017 1.583142857
  0.016072464 0.086965517 0.237958824 0.442743017 1.583142857
  0.016072464 0.086965517 0.237958824 0.442743017 1.583142857
  0.016072464 0.086965517 0.237958824 0.442743017 1.583142857
  0.016072464 0.086965517 0.237958824 0.442743017 1.583142857
  0.016072464 0.086965517 0.237958824 0.442743017 1.583142857
  0.016072464 0.086965517 0.237958824 0.442743017 1.583142857
  0.016072464 0.086965517 0.237958824 0.442743017 1.583142857
  0.016072464 0.086965517 0.237958824 0.442743017 1.583142857
  0.016072464 0.086965517 0.237958824 0.442743017 1.583142857
  0.016072464 0.086965517 0.237958824 0.442743017 1.583142857
  0.016072464 0.086965517 0.237958824 0.442743017 1.583142857
  0.016072464 0.086965517 0.237958824 0.442743017 1.583142857
  0.016072464 0.086965517 0.237958824 0.442743017 1.583142857
  0.016072464 0.086965517 0.237958824 0.442743017 1.583142857
  0.016072464 0.086965517 0.237958824 0.442743017 1.583142857
  0.016072464 0.086965517 0.237958824 0.442743017 1.583142857
  0.016072464 0.086965517 0.237958824 0.442743017 1.583142857
  0.016072464 0.086965517 0.237958824 0.442743017 1.583142857
  0.016072464 0.086965517 0.237958824 0.442743017 1.583142857
  0.016072464 0.086965517 0.237958824 0.442743017 1.583142857
  0.016072464 0.086965517 0.237958824 0.442743017 1.583142857
  0.016072464 0.086965517 0.237958824 0.442743017 1.583142857
  0.016072464 0.086965517 0.237958824 0.442743017 1.583142857
  0.016072464 0.086965517 0.237958824 0.442743017 1.583142857
  0.016072464 0.086965517 0.237958824 0.442743017 1.583142857
  0.016072464 0.086965517 0.237958824 0.442743017 1.583142857
  0.016072464 0.086965517 0.237958824 0.442743017 1.583142857
  0.016072464 0.086965517 0.237958824 0.442743017 1.583142857
  0.016072464 0.086965517 0.237958824 0.442743017 1.583142857
  0.016072464 0.086965517 0.237958824 0.442743017 1.583142857
  0.016072464 0.086965517 0.237958824 0.442743017 1.583142857
  0.016072464 0.086965517 0.237958824 0.442743017 1.583142857
  0.016072464 0.086965517 0.237958824 0.442743017 1.583142857
  0.016072464 0.086965517 0.237958824 0.442743017 1.583142857
  0.016072464 0.086965517 0.237958824 0.442743017 1.583142857
  0.016072464 0.086965517 0.237958824 0.442743017 1.583142857
  0.016072464 0.086965517 0.237958824 0.442743017 1.583142857
  0.016072464 0.086965517 0.237958824 0.442743017 1.583142857
#  Winter_skate
  0.093423453 0.939220418 3.915192982 11.46903371 44.88111925
  0.093423453 0.939220418 3.915192982 11.46903371 44.88111925
  0.093423453 0.939220418 3.915192982 11.46903371 44.88111925
  0.093423453 0.939220418 3.915192982 11.46903371 44.88111925
  0.093423453 0.939220418 3.915192982 11.46903371 44.88111925
  0.093423453 0.939220418 3.915192982 11.46903371 44.88111925
  0.093423453 0.939220418 3.915192982 11.46903371 44.88111925
  0.093423453 0.939220418 3.915192982 11.46903371 44.88111925
  0.093423453 0.939220418 3.915192982 11.46903371 44.88111925
  0.093423453 0.939220418 3.915192982 11.46903371 44.88111925
  0.093423453 0.939220418 3.915192982 11.46903371 44.88111925
  0.093423453 0.939220418 3.915192982 11.46903371 44.88111925
  0.093423453 0.939220418 3.915192982 11.46903371 44.88111925
  0.093423453 0.939220418 3.915192982 11.46903371 44.88111925
  0.093423453 0.939220418 3.915192982 11.46903371 44.88111925
  0.093423453 0.939220418 3.915192982 11.46903371 44.88111925
  0.093423453 0.939220418 3.915192982 11.46903371 44.88111925
  0.093423453 0.939220418 3.915192982 11.46903371 44.88111925
  0.093423453 0.939220418 3.915192982 11.46903371 44.88111925
  0.093423453 0.939220418 3.915192982 11.46903371 44.88111925
  0.093423453 0.939220418 3.915192982 11.46903371 44.88111925
  0.093423453 0.939220418 3.915192982 11.46903371 44.88111925
  0.093423453 0.939220418 3.915192982 11.46903371 44.88111925
  0.093423453 0.939220418 3.915192982 11.46903371 44.88111925
  0.093423453 0.939220418 3.915192982 11.46903371 44.88111925
  0.093423453 0.939220418 3.915192982 11.46903371 44.88111925
  0.093423453 0.939220418 3.915192982 11.46903371 44.88111925
  0.093423453 0.939220418 3.915192982 11.46903371 44.88111925
  0.093423453 0.939220418 3.915192982 11.46903371 44.88111925
  0.093423453 0.939220418 3.915192982 11.46903371 44.88111925
  0.093423453 0.939220418 3.915192982 11.46903371 44.88111925
  0.093423453 0.939220418 3.915192982 11.46903371 44.88111925
  0.093423453 0.939220418 3.915192982 11.46903371 44.88111925
  0.093423453 0.939220418 3.915192982 11.46903371 44.88111925
  0.093423453 0.939220418 3.915192982 11.46903371 44.88111925
  0.093423453 0.939220418 3.915192982 11.46903371 44.88111925
  0.093423453 0.939220418 3.915192982 11.46903371 44.88111925
  0.093423453 0.939220418 3.915192982 11.46903371 44.88111925
  0.093423453 0.939220418 3.915192982 11.46903371 44.88111925
  0.093423453 0.939220418 3.915192982 11.46903371 44.88111925
  0.093423453 0.939220418 3.915192982 11.46903371 44.88111925
  0.093423453 0.939220418 3.915192982 11.46903371 44.88111925
  0.093423453 0.939220418 3.915192982 11.46903371 44.88111925
  0.093423453 0.939220418 3.915192982 11.46903371 44.88111925
  0.093423453 0.939220418 3.915192982 11.46903371 44.88111925
  0.093423453 0.939220418 3.915192982 11.46903371 44.88111925
  0.093423453 0.939220418 3.915192982 11.46903371 44.88111925
  0.093423453 0.939220418 3.915192982 11.46903371 44.88111925
  0.093423453 0.939220418 3.915192982 11.46903371 44.88111925
  0.093423453 0.939220418 3.915192982 11.46903371 44.88111925
  0.093423453 0.939220418 3.915192982 11.46903371 44.88111925
  0.093423453 0.939220418 3.915192982 11.46903371 44.88111925
  0.093423453 0.939220418 3.915192982 11.46903371 44.88111925
  0.093423453 0.939220418 3.915192982 11.46903371 44.88111925
  0.093423453 0.939220418 3.915192982 11.46903371 44.88111925
  0.093423453 0.939220418 3.915192982 11.46903371 44.88111925
  0.093423453 0.939220418 3.915192982 11.46903371 44.88111925
  0.093423453 0.939220418 3.915192982 11.46903371 44.88111925
  0.093423453 0.939220418 3.915192982 11.46903371 44.88111925
  0.093423453 0.939220418 3.915192982 11.46903371 44.88111925
  0.093423453 0.939220418 3.915192982 11.46903371 44.88111925
  0.093423453 0.939220418 3.915192982 11.46903371 44.88111925
  0.093423453 0.939220418 3.915192982 11.46903371 44.88111925
  0.093423453 0.939220418 3.915192982 11.46903371 44.88111925
  0.093423453 0.939220418 3.915192982 11.46903371 44.88111925
  0.093423453 0.939220418 3.915192982 11.46903371 44.88111925
  0.093423453 0.939220418 3.915192982 11.46903371 44.88111925
  0.093423453 0.939220418 3.915192982 11.46903371 44.88111925
  0.093423453 0.939220418 3.915192982 11.46903371 44.88111925
  0.093423453 0.939220418 3.915192982 11.46903371 44.88111925
  0.093423453 0.939220418 3.915192982 11.46903371 44.88111925
  0.093423453 0.939220418 3.915192982 11.46903371 44.88111925
  0.093423453 0.939220418 3.915192982 11.46903371 44.88111925
  0.093423453 0.939220418 3.915192982 11.46903371 44.88111925
  0.093423453 0.939220418 3.915192982 11.46903371 44.88111925
  0.093423453 0.939220418 3.915192982 11.46903371 44.88111925
  0.093423453 0.939220418 3.915192982 11.46903371 44.88111925
  0.093423453 0.939220418 3.915192982 11.46903371 44.88111925
  0.093423453 0.939220418 3.915192982 11.46903371 44.88111925
  0.093423453 0.939220418 3.915192982 11.46903371 44.88111925
  0.093423453 0.939220418 3.915192982 11.46903371 44.88111925
  0.093423453 0.939220418 3.915192982 11.46903371 44.88111925
  0.093423453 0.939220418 3.915192982 11.46903371 44.88111925
  0.093423453 0.939220418 3.915192982 11.46903371 44.88111925
  0.093423453 0.939220418 3.915192982 11.46903371 44.88111925
  0.093423453 0.939220418 3.915192982 11.46903371 44.88111925
  0.093423453 0.939220418 3.915192982 11.46903371 44.88111925
  0.093423453 0.939220418 3.915192982 11.46903371 44.88111925
  0.093423453 0.939220418 3.915192982 11.46903371 44.88111925
  0.093423453 0.939220418 3.915192982 11.46903371 44.88111925
  0.093423453 0.939220418 3.915192982 11.46903371 44.88111925
  0.093423453 0.939220418 3.915192982 11.46903371 44.88111925
  0.093423453 0.939220418 3.915192982 11.46903371 44.88111925
  0.093423453 0.939220418 3.915192982 11.46903371 44.88111925
  0.093423453 0.939220418 3.915192982 11.46903371 44.88111925
  0.093423453 0.939220418 3.915192982 11.46903371 44.88111925
  0.093423453 0.939220418 3.915192982 11.46903371 44.88111925
  0.093423453 0.939220418 3.915192982 11.46903371 44.88111925
  0.093423453 0.939220418 3.915192982 11.46903371 44.88111925
  0.093423453 0.939220418 3.915192982 11.46903371 44.88111925
  0.093423453 0.939220418 3.915192982 11.46903371 44.88111925
  0.093423453 0.939220418 3.915192982 11.46903371 44.88111925
  0.093423453 0.939220418 3.915192982 11.46903371 44.88111925
  0.093423453 0.939220418 3.915192982 11.46903371 44.88111925
  0.093423453 0.939220418 3.915192982 11.46903371 44.88111925
  0.093423453 0.939220418 3.915192982 11.46903371 44.88111925
  0.093423453 0.939220418 3.915192982 11.46903371 44.88111925
  0.093423453 0.939220418 3.915192982 11.46903371 44.88111925
  0.093423453 0.939220418 3.915192982 11.46903371 44.88111925
  0.093423453 0.939220418 3.915192982 11.46903371 44.88111925
  0.093423453 0.939220418 3.915192982 11.46903371 44.88111925
  0.093423453 0.939220418 3.915192982 11.46903371 44.88111925
  0.093423453 0.939220418 3.915192982 11.46903371 44.88111925
  0.093423453 0.939220418 3.915192982 11.46903371 44.88111925
  0.093423453 0.939220418 3.915192982 11.46903371 44.88111925
  0.093423453 0.939220418 3.915192982 11.46903371 44.88111925
  0.093423453 0.939220418 3.915192982 11.46903371 44.88111925
  0.093423453 0.939220418 3.915192982 11.46903371 44.88111925
  0.093423453 0.939220418 3.915192982 11.46903371 44.88111925
  0.093423453 0.939220418 3.915192982 11.46903371 44.88111925
  0.093423453 0.939220418 3.915192982 11.46903371 44.88111925
  0.093423453 0.939220418 3.915192982 11.46903371 44.88111925
  0.093423453 0.939220418 3.915192982 11.46903371 44.88111925
#  Yellowtail_flounder
  0.016072464 0.086965517 0.237958824 0.442743017 1.583142857
  0.016072464 0.086965517 0.237958824 0.442743017 1.583142857
  0.016072464 0.086965517 0.237958824 0.442743017 1.583142857
  0.016072464 0.086965517 0.237958824 0.442743017 1.583142857
  0.016072464 0.086965517 0.237958824 0.442743017 1.583142857
  0.016072464 0.086965517 0.237958824 0.442743017 1.583142857
  0.016072464 0.086965517 0.237958824 0.442743017 1.583142857
  0.016072464 0.086965517 0.237958824 0.442743017 1.583142857
  0.016072464 0.086965517 0.237958824 0.442743017 1.583142857
  0.016072464 0.086965517 0.237958824 0.442743017 1.583142857
  0.016072464 0.086965517 0.237958824 0.442743017 1.583142857
  0.016072464 0.086965517 0.237958824 0.442743017 1.583142857
  0.016072464 0.086965517 0.237958824 0.442743017 1.583142857
  0.016072464 0.086965517 0.237958824 0.442743017 1.583142857
  0.016072464 0.086965517 0.237958824 0.442743017 1.583142857
  0.016072464 0.086965517 0.237958824 0.442743017 1.583142857
  0.016072464 0.086965517 0.237958824 0.442743017 1.583142857
  0.016072464 0.086965517 0.237958824 0.442743017 1.583142857
  0.016072464 0.086965517 0.237958824 0.442743017 1.583142857
  0.016072464 0.086965517 0.237958824 0.442743017 1.583142857
  0.016072464 0.086965517 0.237958824 0.442743017 1.583142857
  0.016072464 0.086965517 0.237958824 0.442743017 1.583142857
  0.016072464 0.086965517 0.237958824 0.442743017 1.583142857
  0.016072464 0.086965517 0.237958824 0.442743017 1.583142857
  0.016072464 0.086965517 0.237958824 0.442743017 1.583142857
  0.016072464 0.086965517 0.237958824 0.442743017 1.583142857
  0.016072464 0.086965517 0.237958824 0.442743017 1.583142857
  0.016072464 0.086965517 0.237958824 0.442743017 1.583142857
  0.016072464 0.086965517 0.237958824 0.442743017 1.583142857
  0.016072464 0.086965517 0.237958824 0.442743017 1.583142857
  0.016072464 0.086965517 0.237958824 0.442743017 1.583142857
  0.016072464 0.086965517 0.237958824 0.442743017 1.583142857
  0.016072464 0.086965517 0.237958824 0.442743017 1.583142857
  0.016072464 0.086965517 0.237958824 0.442743017 1.583142857
  0.016072464 0.086965517 0.237958824 0.442743017 1.583142857
  0.016072464 0.086965517 0.237958824 0.442743017 1.583142857
  0.016072464 0.086965517 0.237958824 0.442743017 1.583142857
  0.016072464 0.086965517 0.237958824 0.442743017 1.583142857
  0.016072464 0.086965517 0.237958824 0.442743017 1.583142857
  0.016072464 0.086965517 0.237958824 0.442743017 1.583142857
  0.016072464 0.086965517 0.237958824 0.442743017 1.583142857
  0.016072464 0.086965517 0.237958824 0.442743017 1.583142857
  0.016072464 0.086965517 0.237958824 0.442743017 1.583142857
  0.016072464 0.086965517 0.237958824 0.442743017 1.583142857
  0.016072464 0.086965517 0.237958824 0.442743017 1.583142857
  0.016072464 0.086965517 0.237958824 0.442743017 1.583142857
  0.016072464 0.086965517 0.237958824 0.442743017 1.583142857
  0.016072464 0.086965517 0.237958824 0.442743017 1.583142857
  0.016072464 0.086965517 0.237958824 0.442743017 1.583142857
  0.016072464 0.086965517 0.237958824 0.442743017 1.583142857
  0.016072464 0.086965517 0.237958824 0.442743017 1.583142857
  0.016072464 0.086965517 0.237958824 0.442743017 1.583142857
  0.016072464 0.086965517 0.237958824 0.442743017 1.583142857
  0.016072464 0.086965517 0.237958824 0.442743017 1.583142857
  0.016072464 0.086965517 0.237958824 0.442743017 1.583142857
  0.016072464 0.086965517 0.237958824 0.442743017 1.583142857
  0.016072464 0.086965517 0.237958824 0.442743017 1.583142857
  0.016072464 0.086965517 0.237958824 0.442743017 1.583142857
  0.016072464 0.086965517 0.237958824 0.442743017 1.583142857
  0.016072464 0.086965517 0.237958824 0.442743017 1.583142857
  0.016072464 0.086965517 0.237958824 0.442743017 1.583142857
  0.016072464 0.086965517 0.237958824 0.442743017 1.583142857
  0.016072464 0.086965517 0.237958824 0.442743017 1.583142857
  0.016072464 0.086965517 0.237958824 0.442743017 1.583142857
  0.016072464 0.086965517 0.237958824 0.442743017 1.583142857
  0.016072464 0.086965517 0.237958824 0.442743017 1.583142857
  0.016072464 0.086965517 0.237958824 0.442743017 1.583142857
  0.016072464 0.086965517 0.237958824 0.442743017 1.583142857
  0.016072464 0.086965517 0.237958824 0.442743017 1.583142857
  0.016072464 0.086965517 0.237958824 0.442743017 1.583142857
  0.016072464 0.086965517 0.237958824 0.442743017 1.583142857
  0.016072464 0.086965517 0.237958824 0.442743017 1.583142857
  0.016072464 0.086965517 0.237958824 0.442743017 1.583142857
  0.016072464 0.086965517 0.237958824 0.442743017 1.583142857
  0.016072464 0.086965517 0.237958824 0.442743017 1.583142857
  0.016072464 0.086965517 0.237958824 0.442743017 1.583142857
  0.016072464 0.086965517 0.237958824 0.442743017 1.583142857
  0.016072464 0.086965517 0.237958824 0.442743017 1.583142857
  0.016072464 0.086965517 0.237958824 0.442743017 1.583142857
  0.016072464 0.086965517 0.237958824 0.442743017 1.583142857
  0.016072464 0.086965517 0.237958824 0.442743017 1.583142857
  0.016072464 0.086965517 0.237958824 0.442743017 1.583142857
  0.016072464 0.086965517 0.237958824 0.442743017 1.583142857
  0.016072464 0.086965517 0.237958824 0.442743017 1.583142857
  0.016072464 0.086965517 0.237958824 0.442743017 1.583142857
  0.016072464 0.086965517 0.237958824 0.442743017 1.583142857
  0.016072464 0.086965517 0.237958824 0.442743017 1.583142857
  0.016072464 0.086965517 0.237958824 0.442743017 1.583142857
  0.016072464 0.086965517 0.237958824 0.442743017 1.583142857
  0.016072464 0.086965517 0.237958824 0.442743017 1.583142857
  0.016072464 0.086965517 0.237958824 0.442743017 1.583142857
  0.016072464 0.086965517 0.237958824 0.442743017 1.583142857
  0.016072464 0.086965517 0.237958824 0.442743017 1.583142857
  0.016072464 0.086965517 0.237958824 0.442743017 1.583142857
  0.016072464 0.086965517 0.237958824 0.442743017 1.583142857
  0.016072464 0.086965517 0.237958824 0.442743017 1.583142857
  0.016072464 0.086965517 0.237958824 0.442743017 1.583142857
  0.016072464 0.086965517 0.237958824 0.442743017 1.583142857
  0.016072464 0.086965517 0.237958824 0.442743017 1.583142857
  0.016072464 0.086965517 0.237958824 0.442743017 1.583142857
  0.016072464 0.086965517 0.237958824 0.442743017 1.583142857
  0.016072464 0.086965517 0.237958824 0.442743017 1.583142857
  0.016072464 0.086965517 0.237958824 0.442743017 1.583142857
  0.016072464 0.086965517 0.237958824 0.442743017 1.583142857
  0.016072464 0.086965517 0.237958824 0.442743017 1.583142857
  0.016072464 0.086965517 0.237958824 0.442743017 1.583142857
  0.016072464 0.086965517 0.237958824 0.442743017 1.583142857
  0.016072464 0.086965517 0.237958824 0.442743017 1.583142857
  0.016072464 0.086965517 0.237958824 0.442743017 1.583142857
  0.016072464 0.086965517 0.237958824 0.442743017 1.583142857
  0.016072464 0.086965517 0.237958824 0.442743017 1.583142857
  0.016072464 0.086965517 0.237958824 0.442743017 1.583142857
  0.016072464 0.086965517 0.237958824 0.442743017 1.583142857
  0.016072464 0.086965517 0.237958824 0.442743017 1.583142857
  0.016072464 0.086965517 0.237958824 0.442743017 1.583142857
  0.016072464 0.086965517 0.237958824 0.442743017 1.583142857
  0.016072464 0.086965517 0.237958824 0.442743017 1.583142857
  0.016072464 0.086965517 0.237958824 0.442743017 1.583142857
  0.016072464 0.086965517 0.237958824 0.442743017 1.583142857
  0.016072464 0.086965517 0.237958824 0.442743017 1.583142857
  0.016072464 0.086965517 0.237958824 0.442743017 1.583142857
  0.016072464 0.086965517 0.237958824 0.442743017 1.583142857
  0.016072464 0.086965517 0.237958824 0.442743017 1.583142857
#   init_matrix obs_temp(1,Nareas,1,Nyrs)      
#  Either observed temperature  or manufactured temperature for simulation runs
#GLORYS hindcasted (<= 2020) and MOM6 projected ocean bottom temperature
  -0.52754453 -1.03211809 -0.65516328 -1.00714751 -0.82985429 -0.43237117 -0.39414032 0.16061088 0.23870219 -0.51625361 -0.58131949 -0.49058245 -0.43552058 0.36938120 -0.71451053 -0.38488309 0.31919146 0.33094749 -0.81793386 -0.07083866 -0.99714748 0.67903430 0.35669065 0.11914801 0.45917232 -0.45544053 -1.23326999 -0.81768891 0.10971676 -0.82088239 -0.45103348 0.19077950 0.70597307 0.28603782 1.56036290 1.08402773 1.20391465 1.37327954 1.53864861 1.14725920 0.94496732 0.65203591 1.16529887 1.50327787 1.77490289 1.47734351 1.21131573 0.71912293 0.74543269 0.86798644 1.23293967 1.32940091 1.34277943 1.85766073 1.24051969 1.02520916 1.04266034 1.17936773 1.24335861 0.53581431 1.21511841 1.09651750 1.28221298 1.62315078 1.82748205 2.06014589 1.89145584 0.73400870 1.29755443 1.32536352 1.08591369 2.31839123 2.16895067 1.54949347 1.48088503 1.44838611 1.43699043 1.82883642 1.83934740 2.62201880 1.49615462 2.02250132 1.70937875 1.65089897 1.81376276 2.61989368 1.86317337 1.84670400 1.46447909 1.24302047 1.58962265 2.29335087 2.40063153 2.19407594 2.29746516 2.12513907 2.16089348 2.33506009 2.37083135 2.77934711 2.39184392 2.22505042 2.06931414 1.33572758 2.34931320 1.96481000 1.99229670 1.75185374 1.59745492 1.61034196 2.29327820 1.93237653 1.79894811 1.34290756 1.74135014 2.60167121 2.19767400 1.83912414 2.33969373 2.67081835 1.45839176 1.28022906 1.53198502
#  init_int yr1Nphase            //year 1 N at size estimation phase
  1
#  init_int recphase				//recruitment parameter estimation phas
  -1
#  init_int avg_rec_phase		//average recruitment estimation phase (could make species specific, currently global)
  1
#  init_int recsigmaphase			//st dev of recruitment devs phase
  -1
#  init_int avg_F_phase			//average fishing mort estimation phase (could make species specific, currently global)
  1
#  init_int dev_rec_phase		//recruitment deviation estimation phase (could make species specific, currently global)
  1
#  init_int dev_F_phase			//fishing mort deviation estimation phase (could make species specific, currently global)
  1
#  init_int fqphase              //fishery q estimation phase
  1
# init_int fsphase               //fishery selectivity estimation phase
  1
#  init_int sqphase              //survey q estimation phase 
  1
# init_int ssphase               //survey selectivity estimation phase
  1
#   init_int ssig_phase           //survey sigma (obs error) phase
  -1
#  init_int csig_phase           //catch sigma (obs error) phase
  -1
#  init_int m1_phase            // M1 phase
  1
#  init_int oF1_phase           // amount of other food included in the M2 term for the base (predator 1) phase
  1
#   init_int oFdev_phase          //deviation from base other food for predators 2+ phase
  -1
#   init_int vuln_phase // phase for vulnerability parameters
  1
#  init_matrix recGamma_alpha(1,Nareas,1,Nspecies)			//eggprod gamma Ricker model alpha
  1 1 1 1 1 1 1 1 1 1
#  init_matrix recGamma_shape(1,Nareas,1,Nspecies)			//eggprod gamma Ricker model shape parameter
  1 1 1 1 1 1 1 1 1 1
#  init_matrix recGamma_beta(1,Nareas,1,Nspecies)			//eggprod gamma Ricker model beta
  1 1 1 1 1 1 1 1 1 1
#  init_matrix recDS_alpha(1,Nareas,1,Nspecies)		//SSB Deriso-Schnute model alpha
  1 1 1 1 1 1 1 1 1 1
#  init_matrix recDS_shape(1,Nareas,1,Nspecies)		//SSB Deriso-Schnute model shape parameter
  1 1 1 1 1 1 1 1 1 1
#  init_matrix recDS_beta(1,Nareas,1,Nspecies)			//SSB Deriso-Schnute model beta
  1 1 1 1 1 1 1 1 1 1
#  init_matrix recGamSSB_alpha(1,Nareas,1,Nspecies)		//SSB gamma alpha
  1 1 1 1 1 1 1 1 1 1
#  init_matrix recGamSSB_shape(1,Nareas,1,Nspecies)		//SSB gamma shape parameter
  1 1 1 1 1 1 1 1 1 1
#  init_matrix recGamSSB_beta(1,Nareas,1,Nspecies)			//SSB gamma model beta
  1 1 1 1 1 1 1 1 1 1
#  init_matrix recRicker_alpha(1,Nareas,1,Nspecies)		//SSB Ricker model alpha
  1 1 1 1 1 1 1 1 1 1
#  init_matrix recRicker_shape(1,Nareas,1,Nspecies)		//SSB Ricker model shape parameter=1.0, not used
  1 1 1 1 1 1 1 1 1 1
#  init_matrix recRicker_beta(1,Nareas,1,Nspecies)			//SSB Ricker model beta
  1 1 1 1 1 1 1 1 1 1
#  init_matrix recBH_alpha(1,Nareas,1,Nspecies)		//SSB Beverton Holt model alpha
  0.3374201 6.7681088 0.8746367 1 0.1434868 1 7.4573932 1.9302731 1 1.9110644
#  init_matrix recBH_shape(1,Nareas,1,Nspecies)		//SSB Beverton Holt model shape parameter=1.0, not used
  1 1 1 1 1 1 1 1 1 1
#  init_matrix recBH_beta(1,Nareas,1,Nspecies)			//SSB Beverton Holt model beta
  0.1760152 14.5404929 3.3108297 1 1.1110674 1 13.0850736 2.4848109 1 2.9451003
#  init_matrix recShepherd_alpha //SSB S-R Shepherd 3 param
  1 1 1 1 1 1 1 1 1 1
#  init_matrix recShepherd_shape //SSB S-R Shepherd 3 param
  1 1 1 1 1 1 1 1 1 1
#  init_matrix recShepherd_beta //SSB S-R Shepherd 3 param
  1 1 1 1 1 1 1 1 1 1
#  init_matrix recSHockey_alpha //SSB S-R Hockey 2 param
  1 1 1 1 1 1 1 1 1 1
#  init_matrix recHpockey_shape //SSB S-R Hockey. S* breakpoint
  1 1 1 1 1 1 1 1 1 1
#  init_matrix recHockey_beta //SSB S-R Hockey 2 param. This is not used
  1 1 1 1 1 1 1 1 1 1
#  init_matrix recSegmented_alpha //SSB S-R Segmented 3 param
  1 1 1 1 1 1 1 1 1 1
#  init_matrix recSegmented_shape //SSB S-R Segmented 3 param. Breakpoint
  1 1 1 1 1 1 1 1 1 1
#  init_matrix recSegmented_beta //SSB S-R Segmented 3 param
  1 1 1 1 1 1 1 1 1 1
#  init_ivector rectype(1,Nspecies)  //switch for alternate recruitment functions 1=gamma/Ricker, 2=Deriso-Schnute, 9=avg+devs
# 3=SSB gamma, 4=SSB Ricker, 5=SSB Beverton Holt added April 2014,6=Shepherd (added Beet Mar 2017)
  5 5 5 9 5 9 5 5 9 5
#   init_ivector stochrec(1,Nspecies)  //switch for stochastic recruitment. 1 = add error, 0= no error
  0 0 0 0 0 0 0 0 0 0
#  init_matrix sexratio(1,Nareas,1,Nspecies)  // this is proportion females
  0.5 0.5 0.5 0.5 0.5 0.5 0.5 0.5 0.5 0.5
 #  init_matrix recruitment_covwt(1,Nspecies,1,Nrecruitment_cov)	//recruitment covariate weighting factor
  0.22535147
  0.28066364
  -0.25339322
  0
  -0.15028920
  0
  -0.09221462
  0.31119258
  0
  0.26800216
#//fecundity parameters from .dat file and calculate fecundity at length
#  init_matrix fecund_d(1,Nareas,1,Nspecies)
  1 1 1 1 1 1 1 1 1 1
#  init_matrix fecund_h(1,Nareas,1,Nspecies)
  1 1 1 1 1 1 1 1 1 1
#  init_3darray fecund_theta(1,Nareas,1,Nspecies,1,Nsizebins))
  0 0 0 0 0
  0 0 0 0 0
  0 0 0 0 0
  0 0 0 0 0
  0 0 0 0 0
  0 0 0 0 0
  0 0 0 0 0
  0 0 0 0 0
  0 0 0 0 0
  0 0 0 0 0
#  init_matrix maturity_nu(1,Nareas,1,Nspecies)
  -6.328707 -11.296212 -13.695207  -8.407937  -8.544388 -12.402424 -21.055224 -11.239615 -32.547315 -13.080080
#  init_matrix maturity_omega(1,Nareas,1,Nspecies)
  0.146331 0.5289372 0.5444019 0.2443015 0.2445908 0.5299826 0.2938502 0.4294564 0.4606561 0.4577845
#  init_matrix maturity_covwt(1,Nspecies,1,Nmaturity_cov) //maturity covariate weighting factor
  0.26186122
  0.33670643
  0.20214494
  -0.04292734
  0.40701310
  -0.17401238
  0.20534946
  0.18232108
  0.13643110
  0.52648544
#//growth parameters from .dat file and calculate simple (no cov) prob of growing through length interval
#  init_matrix growth_psi(1,Nareas,1,Nspecies)
  22.31730855 11.65211497 20.48292586 9.180847155 23.06032547 13.77993268 11.28075301 17.76925648 18.77845121 16.00105119
#  init_matrix growth_kappa(1,Nareas,1,Nspecies)
  0.734859369 0.456436561 0.26327238 0.955590716 0.502070649 0.648621251 0.688187 0.552886341 0.59567 0.618898136
#  init_matrix growth_covwt(1,Nspecies,1,Ngrowth_cov)// growth covariate weighting factor
  -0.016020835
  0
  0.061329889
  0
  0
  0.101001498
  0
  0
  0
  0.007733055
#  init_matrix vonB_Linf(1,Nareas,1,Nspecies)    //alternate parameterization, vonB growth
  113.5946212 29.05066434 43.2563036 157.6 73.8 41.22438991 99.99 56.29613167 114.1 44.70963156
#  init_matrix vonB_k(1,Nareas,1,Nspecies)       //alternate parameterization, vonB growth
  0.197508768 0.45225377 0.205956533 0.095 0.376 0.403649534 0.1 0.291557309 0.14405 0.477577158
#  init_vector growthtype                           //switch for alternate growth types,
#1 power, 2 power/covariates, 3 vonB, 4 vonB covariates
  4 4 4 3 4 3 3 4 3 4
#  init_number phimax
  1
#  init_matrix intake_alpha(1,Nareas,1,Nspecies)
  0.004 0.004 0.004 0.004 0.004 0.004 0.004 0.004 0.004 0.004
#  init_matrix intake_beta(1,Nareas,1,Nspecies)
  0 0 0 0 0 0 0 0 0 0
#
# List of Species in Model
# Atlantic_cod
# Atlantic_herring
# Atlantic_mackerel
# Goosefish
# Haddock
# Silver_hake
# Spiny_dogfish
# Winter_flounder
# Winter_skate
# Yellowtail_flounder
# 
#  init_3darray isprey(1,Nareas,1,Nspecies,1,Nspecies)     //preds in columns, prey in rows
  1 0 0 1 0 0 1 0 1 0
  1 0 0 1 0 1 1 0 1 0
  1 0 0 1 0 1 1 0 1 0
  0 0 0 1 0 0 1 0 0 0
  1 0 0 1 0 1 1 0 1 0
  1 0 0 1 0 1 1 0 1 0
  1 0 0 1 0 0 1 0 0 0
  0 0 0 0 0 0 1 0 0 0
  0 0 0 0 0 0 0 0 0 0
  1 0 0 1 0 0 1 0 1 0
#  init_matrix preferred_wtratio(1,Nareas,1,Nspecies)     //pred sizebins
  0.5 0.5 0.5 0.5 0.5 0.5 0.5 0.5 0.5 0.5
#  init_vector sd_sizepref(1,Nspecies)              //pred sizebins
  2 2 2 2 2 2 2 2 2 2
# Following content added after ICES publication by Gaichas et al. 2014
# Made by Andy Beet from Dec 2016 onward
# Equilibrium Biomass. B0(1,Nspecies). Tthese values are obtained by running hydra_sim without any error and zero fishing effort
  40492.1504465078 505.36938141088 528.887106715519 1371.90070992549 38085.3933953885 6022.7619315119 49621.132793312 5141.41161960716 39169.6461461017 2560.63451957253
#number of Guilds numGuilds.
  10
#Guild Membership guildMembership. 
  1 2 3 4 5 6 7 8 9 10
#Fleet Membership fleetMembers(1,Nguilds) 
  0 0 0 0 0 0 0 0 0 0
# AssessmentPeriod. Time period (yrs) to assess guild biomass level
  3
# init_int flagLinearRamp. // 0 = step function, 1 = linear function
  1
#init_vector minExploitation(1,Nfleets) minimum Exploitation rates imposed by each fleet
  1e-05 1e-05 1e-05
#init_vector maxExploitation(1,Nfleets) maximum Exploitation rates imposed by each fleet
  0.999 0.999 0.999
# init_vector minMaxExploitation(1,2) - [MinExploitation, MaxExploitation
  0.05 0.05
# init_vector minMaxThreshold(1,2) - [MinThreshold, MaxThreshold
  0.1 0.4
# Nthresholds. number of thresholds used for change in exploitation/fishing - Step function
  5
# threshold_percent(1,Nthresholds) threshold %ages (of biomass) when action is taken - Step function
# note that must appear in ascending order
  0.1 0.2 0.3 0.4 1e+06
# exploitation_levels(1,Nthresholds). these must pair with the threshold_percent values - Step function
  0.05 0.05 0.05 0.05 0.05
# threshold_species(1,Nspecies). Species level detection threshold
  0 0 0 0 0 0 0 0 0 0
# int AssessmentOn. Assessment On or Off
  0
# int speciesDetection. include species (in addition to guild) in assessment on or off
  0
# int LFI_size. (cm). Threshold to determin a large fish. used in LFI metric
  60
# init_number scaleInitialN.  used to scale initial yr1N abundances found in .pin file
  1
#init_matrix effortScaled(1,Nareas,1,Nspecies)
  1 1 1 1 1 1 1 1 1 1
# init_4darray discard_Coef(1,Nareas,1,Nspecies,1,Nfleets,1,Nsizebins)
# proportion of each species that is discarded for each fleet(Bottom, Pelagic, Fixed)
# Atlantic_cod fleet x sizeclass
  0 0 0 0 0
  0 0 0 0 0
  0 0 0 0 0
# Atlantic_herring fleet x sizeclass
  0 0 0 0 0
  0 0 0 0 0
  0 0 0 0 0
# Atlantic_mackerel fleet x sizeclass
  0 0 0 0 0
  0 0 0 0 0
  0 0 0 0 0
# Goosefish fleet x sizeclass
  0 0 0 0 0
  0 0 0 0 0
  0 0 0 0 0
# Haddock fleet x sizeclass
  0 0 0 0 0
  0 0 0 0 0
  0 0 0 0 0
# Silver_hake fleet x sizeclass
  0 0 0 0 0
  0 0 0 0 0
  0 0 0 0 0
# Spiny_dogfish fleet x sizeclass
  0 0 0 0 0
  0 0 0 0 0
  0 0 0 0 0
# Winter_flounder fleet x sizeclass
  0 0 0 0 0
  0 0 0 0 0
  0 0 0 0 0
# Winter_skate fleet x sizeclass
  0 0 0 0 0
  0 0 0 0 0
  0 0 0 0 0
# Yellowtail_flounder fleet x sizeclass
  0 0 0 0 0
  0 0 0 0 0
  0 0 0 0 0
# init_4darray discardSurvival_Coef(1,Nareas,1,1,Nspecies,1,Nfleets,1,Nsizebins)
# proportion of discards that survive being thrown back
# Atlantic_cod fleet x sizeclass
  1 1 1 1 1
  1 1 1 1 1
  1 1 1 1 1
# Atlantic_herring fleet x sizeclass
  1 1 1 1 1
  1 1 1 1 1
  1 1 1 1 1
# Atlantic_mackerel fleet x sizeclass
  1 1 1 1 1
  1 1 1 1 1
  1 1 1 1 1
# Goosefish fleet x sizeclass
  1 1 1 1 1
  1 1 1 1 1
  1 1 1 1 1
# Haddock fleet x sizeclass
  1 1 1 1 1
  1 1 1 1 1
  1 1 1 1 1
# Silver_hake fleet x sizeclass
  1 1 1 1 1
  1 1 1 1 1
  1 1 1 1 1
# Spiny_dogfish fleet x sizeclass
  1 1 1 1 1
  1 1 1 1 1
  1 1 1 1 1
# Winter_flounder fleet x sizeclass
  1 1 1 1 1
  1 1 1 1 1
  1 1 1 1 1
# Winter_skate fleet x sizeclass
  1 1 1 1 1
  1 1 1 1 1
  1 1 1 1 1
# Yellowtail_flounder fleet x sizeclass
  1 1 1 1 1
  1 1 1 1 1
  1 1 1 1 1
# predOrPrey(1,Nspecies). binary vector indicating predators. inverse = prey
  1 0 0 1 0 1 1 0 1 0
# bandwidth_metric. (in yrs) for variance estimate of catch - moving window
  5
# init_number baseline_threshold // value of threshold that we stop landing catch. Typically 0.2
  0.2
# init_3darray indicator_fishery_q(1,Nareas,1,Nfleets,1,Nspecies)
# which species represent targeted catch. These are used to estmate exploitation rate in assessment
  1 0 1 1 1 1 1 1 1 1
  1 0 0 0 1 0 1 0 1 0
  0 1 1 0 0 0 0 0 0 0
# AR_parameters(1,3) Survey, recruitment, Catch 
  0 0 0
# init_int flagMSE determins level of output (0 or 1)
  0
#  init_matrix catchProportion(1,Nareas,1,Nspecies). Proportion of the year in which resides in the management area
  1 1 1 1 1 1 1 1 1 1
# init_matrix areaMortality(1,Nareas,1,Nspecies). Total mortality outside of areae management area
  0 0 0 0 0 0 0 0 0 0
# m1_change_yr
  43
# m1_multiplier
  1.5
# of_change_yr
  43
# of_multiplier
  1.5
# use annual q? (0 = fixed over time, 1 = annual parameter vector)
  0
# eof
  54321
