# Number of parameters = 1753 Objective function value = 54404.1868766802  Maximum gradient component = 1027.50745054830
# ln_yr1N:
 9.48830418150532 0.475650779079777 8.98513845602667 7.04342052871607 -75.8941794060691
 -0.581678152866487 10.2204190874644 10.0174227666991 -3.81235887205819 6.78285095591538
 10.1575554155292 2.81261373431854 5.11547880403158 6.34710278124626 7.06052326812408
 8.05625281456419 -1.74314516577207 -12.7383753435852 -1.10841636573925 6.14412075784000
 11.3141342991467 -43.8772586168612 11.2964861918748 -17.6460226337525 9.99870153479026
 14.1535511342855 -6.66773912067133 12.4443504685539 11.1095960917015 8.75322539892922
 -68.5078532151847 9.86916492646174 -52.2889366880560 9.74081312659344 -17.9112284648834
 10.5463236301228 8.56350511141276 9.05267649219990 -11.6618104930564 4.81438857634879
 7.94905882531326 -8.76310032762052 7.31749061974132 8.53493696386923 1.01425915654460
 10.5623486446950 9.48712112190145 -3.26049748774500 8.61903773934493 -15.7866546047404
# recruitment_alpha:
 0.144016100000000 28.4814692000000 1.87893140000000 0.00000000000000 1.45290830000000 40.4944700000000 1.88720530000000 3.79472610000000 0.00000000000000 5.72055650000000
# recruitment_shape:
 1.00000000000000 1.00000000000000 1.00000000000000 0.00000000000000 1.00000000000000 1.00000000000000 1.00000000000000 1.00000000000000 0.00000000000000 1.00000000000000
# recruitment_beta:
 9.38255200000000e-06 1.24488890000000e-05 4.62192800000000e-06 0.00000000000000 5.07469100000000e-06 6.94726400000000e-06 4.17974290000000e-05 0.000106158391000000 0.00000000000000 3.68423070000000e-05
# ln_avg_recruitment:
 5.00000000000000 10.0000000000000 7.50000000000000 4.50000000000000 8.00000000000000 6.50000000000000 5.00000000000000 6.00000000000000 6.00000000000000 7.00000000000000
# recruitment_devs:
 0.582771965048155 0.486357709243620 1.41647341413895 0.879253273677010 -0.0207264262261704 0.345468229465007 1.06010460321840 0.392292966918833 1.83698951321320 0.494757919738350 1.60743159948223 0.791098822589319 0.905406428333814 0.857516035634404 -0.407604613809915 0.738939412288048 1.12768757325184 -0.0286592963391616 1.39396390610332 0.792630217027113 1.04729729889094 1.47566409878498 1.38523920878595 -0.629004504395136 -0.701008361318704 -0.0866015076230552 1.36964554825671 1.04353270441034 0.663045311923685 0.308467505160492 -0.569931098717082 -0.712098083255759 0.258642068770327 0.482743266411486 0.656357454716965 1.47124855534663 0.114675113415321 -0.649214334406691 -0.764319325232707 0.0870608003219865 0.253576812926544 0.00000000000000 0.00000000000000 0.00000000000000 0.00000000000000 0.00000000000000 0.00000000000000 0.00000000000000 0.00000000000000 0.00000000000000 0.00000000000000 0.00000000000000 0.00000000000000 0.00000000000000 0.00000000000000 0.00000000000000 0.00000000000000 0.00000000000000 0.00000000000000 0.00000000000000 0.00000000000000 0.00000000000000 0.00000000000000 0.00000000000000 0.00000000000000 0.00000000000000 0.00000000000000 0.00000000000000 0.00000000000000 0.00000000000000 0.00000000000000 0.00000000000000 0.00000000000000 0.00000000000000 0.00000000000000 0.00000000000000 0.00000000000000 0.00000000000000 0.00000000000000 0.00000000000000 0.00000000000000 0.00000000000000 0.00000000000000 0.00000000000000 0.00000000000000 0.00000000000000 0.00000000000000 0.00000000000000 0.00000000000000 0.00000000000000 0.00000000000000 0.00000000000000 0.00000000000000 0.00000000000000 0.00000000000000 0.00000000000000 0.00000000000000 0.00000000000000 0.00000000000000 0.00000000000000 0.00000000000000 0.00000000000000 0.00000000000000 0.00000000000000 0.00000000000000 0.00000000000000 0.00000000000000 0.00000000000000 0.00000000000000 0.00000000000000 0.00000000000000 0.00000000000000 0.00000000000000 0.00000000000000 0.00000000000000 0.00000000000000 0.00000000000000 0.00000000000000 0.00000000000000 0.00000000000000 0.00000000000000 0.00000000000000
 1.96124836798412 0.253381478751853 -1.14332927709323 -1.67278251268361 -1.74851749508002 -1.00400294874796 0.824959583397271 1.03268568920129 1.24704502748611 -0.833616687095291 0.0684274872258849 -0.170660058800005 -0.325099396356436 -1.90008692348795 -2.76954427555339 -2.16748808393238 3.22160607218402 1.98757731899954 0.924099005453598 -0.661514777454223 -0.423769380758538 1.01828681887136 -1.24724084311946 0.0957216873279635 -0.436574589182613 1.47631538869388 -0.451118184810137 -0.302734325752257 1.27861321234496 1.71928995013259 -0.813030767037433 1.57550346989277 0.654063705127469 0.252989910604080 1.36371785403512 0.610572818571501 0.00160191857732599 0.610960356091837 0.605595012014209 2.47711767981700 -1.01530804400789 0.00000000000000 0.00000000000000 0.00000000000000 0.00000000000000 0.00000000000000 0.00000000000000 0.00000000000000 0.00000000000000 0.00000000000000 0.00000000000000 0.00000000000000 0.00000000000000 0.00000000000000 0.00000000000000 0.00000000000000 0.00000000000000 0.00000000000000 0.00000000000000 0.00000000000000 0.00000000000000 0.00000000000000 0.00000000000000 0.00000000000000 0.00000000000000 0.00000000000000 0.00000000000000 0.00000000000000 0.00000000000000 0.00000000000000 0.00000000000000 0.00000000000000 0.00000000000000 0.00000000000000 0.00000000000000 0.00000000000000 0.00000000000000 0.00000000000000 0.00000000000000 0.00000000000000 0.00000000000000 0.00000000000000 0.00000000000000 0.00000000000000 0.00000000000000 0.00000000000000 0.00000000000000 0.00000000000000 0.00000000000000 0.00000000000000 0.00000000000000 0.00000000000000 0.00000000000000 0.00000000000000 0.00000000000000 0.00000000000000 0.00000000000000 0.00000000000000 0.00000000000000 0.00000000000000 0.00000000000000 0.00000000000000 0.00000000000000 0.00000000000000 0.00000000000000 0.00000000000000 0.00000000000000 0.00000000000000 0.00000000000000 0.00000000000000 0.00000000000000 0.00000000000000 0.00000000000000 0.00000000000000 0.00000000000000 0.00000000000000 0.00000000000000 0.00000000000000 0.00000000000000 0.00000000000000 0.00000000000000 0.00000000000000
 -0.0908092814330356 -2.32523886498048 2.93754093922158 3.00936996929166 -2.26690948677701 1.68188665203588 -2.61215164839582 1.36002096725568 0.596374014161187 -0.966862069859591 1.10461925394080 -1.27453797845334 1.63577227872188 0.750183907937971 2.86005919691181 -3.65468765171142 -0.0832846773654707 0.616785665850742 1.17881666441815 1.46596869044262 -0.654387716381971 0.539961260078791 0.933989698896505 -2.19304536057886 1.84898477330850 -1.04316948595835 -0.927145250502523 3.35572641044311 -0.531998304681499 -0.878372658688181 -1.34819310985263 0.159464856966148 -0.318597477931913 2.81922015239743 3.85867655547535 -0.892788606712801 0.716013772698483 2.45634188345192 2.29952281782262 0.500740990045781 4.45887023275689 0.00000000000000 0.00000000000000 0.00000000000000 0.00000000000000 0.00000000000000 0.00000000000000 0.00000000000000 0.00000000000000 0.00000000000000 0.00000000000000 0.00000000000000 0.00000000000000 0.00000000000000 0.00000000000000 0.00000000000000 0.00000000000000 0.00000000000000 0.00000000000000 0.00000000000000 0.00000000000000 0.00000000000000 0.00000000000000 0.00000000000000 0.00000000000000 0.00000000000000 0.00000000000000 0.00000000000000 0.00000000000000 0.00000000000000 0.00000000000000 0.00000000000000 0.00000000000000 0.00000000000000 0.00000000000000 0.00000000000000 0.00000000000000 0.00000000000000 0.00000000000000 0.00000000000000 0.00000000000000 0.00000000000000 0.00000000000000 0.00000000000000 0.00000000000000 0.00000000000000 0.00000000000000 0.00000000000000 0.00000000000000 0.00000000000000 0.00000000000000 0.00000000000000 0.00000000000000 0.00000000000000 0.00000000000000 0.00000000000000 0.00000000000000 0.00000000000000 0.00000000000000 0.00000000000000 0.00000000000000 0.00000000000000 0.00000000000000 0.00000000000000 0.00000000000000 0.00000000000000 0.00000000000000 0.00000000000000 0.00000000000000 0.00000000000000 0.00000000000000 0.00000000000000 0.00000000000000 0.00000000000000 0.00000000000000 0.00000000000000 0.00000000000000 0.00000000000000 0.00000000000000 0.00000000000000 0.00000000000000 0.00000000000000
 0.0194781275509847 0.0592376413136030 0.0881111972335086 0.132325232283763 0.157531246308683 0.177712689001451 0.181036051902126 0.176143641473337 0.155242878185125 0.126241146712194 0.107469510735906 0.0956189710463377 3.88731920806819 0.0876164206414149 0.0972429087648535 0.115761913665513 0.120849751936353 0.145318664339495 0.183100098701028 0.239370618152292 0.289934918770490 0.316354394586963 0.297074290682534 0.249096190891236 0.230207324217426 0.223156990080149 0.224788098926301 0.260903895921798 0.307320219139691 0.346383169579517 0.399046178205207 0.447753998435715 0.478654948233265 0.445804330382061 0.433997267329579 0.411874351286900 0.385843976913308 0.256236680047943 0.107103264328610 0.0552844012190727 0.0229280597086277 0.00000000000000 0.00000000000000 0.00000000000000 0.00000000000000 0.00000000000000 0.00000000000000 0.00000000000000 0.00000000000000 0.00000000000000 0.00000000000000 0.00000000000000 0.00000000000000 0.00000000000000 0.00000000000000 0.00000000000000 0.00000000000000 0.00000000000000 0.00000000000000 0.00000000000000 0.00000000000000 0.00000000000000 0.00000000000000 0.00000000000000 0.00000000000000 0.00000000000000 0.00000000000000 0.00000000000000 0.00000000000000 0.00000000000000 0.00000000000000 0.00000000000000 0.00000000000000 0.00000000000000 0.00000000000000 0.00000000000000 0.00000000000000 0.00000000000000 0.00000000000000 0.00000000000000 0.00000000000000 0.00000000000000 0.00000000000000 0.00000000000000 0.00000000000000 0.00000000000000 0.00000000000000 0.00000000000000 0.00000000000000 0.00000000000000 0.00000000000000 0.00000000000000 0.00000000000000 0.00000000000000 0.00000000000000 0.00000000000000 0.00000000000000 0.00000000000000 0.00000000000000 0.00000000000000 0.00000000000000 0.00000000000000 0.00000000000000 0.00000000000000 0.00000000000000 0.00000000000000 0.00000000000000 0.00000000000000 0.00000000000000 0.00000000000000 0.00000000000000 0.00000000000000 0.00000000000000 0.00000000000000 0.00000000000000 0.00000000000000 0.00000000000000 0.00000000000000 0.00000000000000 0.00000000000000 0.00000000000000 0.00000000000000
 0.113160111937672 -0.125324854550728 -1.47851183145354 -1.87549500265205 -1.04525205197218 -0.389214920837203 0.0205032743233631 -1.27187160647342 -1.16996638758293 -0.992405553388746 -0.983752771654863 -0.978543321485986 -0.636515509945693 -0.513236111186389 -0.294445203881639 -1.06532249739478 -0.720780856263604 -1.12471567899709 0.661252629308296 -1.65281312284447 -0.482552274919961 -0.887260107738367 0.338019692013310 -1.04854122381102 0.499087549628628 0.433835284866733 -0.0712680044761414 -0.584135717388342 0.675617999368377 -0.711544203548474 -1.53882661542044 -0.792184962541061 0.395910383502130 -0.332297168715243 1.51697760739409 1.69579442186072 -0.395865166736682 0.450801681966167 -0.918614196719020 0.0859011323458083 -0.250918478870106 0.00000000000000 0.00000000000000 0.00000000000000 0.00000000000000 0.00000000000000 0.00000000000000 0.00000000000000 0.00000000000000 0.00000000000000 0.00000000000000 0.00000000000000 0.00000000000000 0.00000000000000 0.00000000000000 0.00000000000000 0.00000000000000 0.00000000000000 0.00000000000000 0.00000000000000 0.00000000000000 0.00000000000000 0.00000000000000 0.00000000000000 0.00000000000000 0.00000000000000 0.00000000000000 0.00000000000000 0.00000000000000 0.00000000000000 0.00000000000000 0.00000000000000 0.00000000000000 0.00000000000000 0.00000000000000 0.00000000000000 0.00000000000000 0.00000000000000 0.00000000000000 0.00000000000000 0.00000000000000 0.00000000000000 0.00000000000000 0.00000000000000 0.00000000000000 0.00000000000000 0.00000000000000 0.00000000000000 0.00000000000000 0.00000000000000 0.00000000000000 0.00000000000000 0.00000000000000 0.00000000000000 0.00000000000000 0.00000000000000 0.00000000000000 0.00000000000000 0.00000000000000 0.00000000000000 0.00000000000000 0.00000000000000 0.00000000000000 0.00000000000000 0.00000000000000 0.00000000000000 0.00000000000000 0.00000000000000 0.00000000000000 0.00000000000000 0.00000000000000 0.00000000000000 0.00000000000000 0.00000000000000 0.00000000000000 0.00000000000000 0.00000000000000 0.00000000000000 0.00000000000000 0.00000000000000 0.00000000000000 0.00000000000000
 0.403648503613904 1.03206412414562 0.457024604226995 1.38785359768866 0.0923924865370067 0.746942914099530 0.485999563497868 1.09193131365479 0.178134459903930 1.41770514497097 0.513606309566874 0.333228312345922 0.287542643488996 1.49476782124975 1.33849851248148 -0.411249757055130 0.455233839866490 0.772677148403889 1.11083711365274 0.728844837426005 0.754161541573678 -0.115985713209489 0.192155321379548 0.740479139390848 0.860310673860513 0.187000397884472 0.464777372998210 0.0743663476129930 0.871651382455391 0.470078460994528 0.155372735545495 0.306348088671500 0.632228501868819 0.821515922911542 0.122531781275147 0.0144317467773926 0.0953063000784372 -0.140765198419680 0.968543012949973 0.720423152248787 1.05650548388355 0.00000000000000 0.00000000000000 0.00000000000000 0.00000000000000 0.00000000000000 0.00000000000000 0.00000000000000 0.00000000000000 0.00000000000000 0.00000000000000 0.00000000000000 0.00000000000000 0.00000000000000 0.00000000000000 0.00000000000000 0.00000000000000 0.00000000000000 0.00000000000000 0.00000000000000 0.00000000000000 0.00000000000000 0.00000000000000 0.00000000000000 0.00000000000000 0.00000000000000 0.00000000000000 0.00000000000000 0.00000000000000 0.00000000000000 0.00000000000000 0.00000000000000 0.00000000000000 0.00000000000000 0.00000000000000 0.00000000000000 0.00000000000000 0.00000000000000 0.00000000000000 0.00000000000000 0.00000000000000 0.00000000000000 0.00000000000000 0.00000000000000 0.00000000000000 0.00000000000000 0.00000000000000 0.00000000000000 0.00000000000000 0.00000000000000 0.00000000000000 0.00000000000000 0.00000000000000 0.00000000000000 0.00000000000000 0.00000000000000 0.00000000000000 0.00000000000000 0.00000000000000 0.00000000000000 0.00000000000000 0.00000000000000 0.00000000000000 0.00000000000000 0.00000000000000 0.00000000000000 0.00000000000000 0.00000000000000 0.00000000000000 0.00000000000000 0.00000000000000 0.00000000000000 0.00000000000000 0.00000000000000 0.00000000000000 0.00000000000000 0.00000000000000 0.00000000000000 0.00000000000000 0.00000000000000 0.00000000000000 0.00000000000000
 0.630609672562889 0.157991337616101 0.159470029760187 0.209682493127948 0.202667920583644 0.236642906734343 0.331074888304643 0.364804526016833 0.390636998145543 0.395752760925245 0.291034783148623 0.209912682719023 0.194232216878472 0.134450944467292 0.0589634002108254 -0.0498915961947984 -0.211227495384419 -0.319226078200548 -0.407684260260996 -0.444085908188124 -0.485112183072209 -0.466589819414986 -0.484220198384689 -0.513342255822063 -0.486477766066439 -0.462440782271232 -0.400922665391711 -0.328019074150222 -0.252162232854464 -0.168291725270561 -0.0826652680002778 0.0329627306104507 0.0693494789990256 0.0275791655387221 -0.0335913578537504 -0.138134980771187 -0.150204585393722 -0.168780748926700 -0.115373071791549 -0.0920346684882070 -0.0441714523955350 0.00000000000000 0.00000000000000 0.00000000000000 0.00000000000000 0.00000000000000 0.00000000000000 0.00000000000000 0.00000000000000 0.00000000000000 0.00000000000000 0.00000000000000 0.00000000000000 0.00000000000000 0.00000000000000 0.00000000000000 0.00000000000000 0.00000000000000 0.00000000000000 0.00000000000000 0.00000000000000 0.00000000000000 0.00000000000000 0.00000000000000 0.00000000000000 0.00000000000000 0.00000000000000 0.00000000000000 0.00000000000000 0.00000000000000 0.00000000000000 0.00000000000000 0.00000000000000 0.00000000000000 0.00000000000000 0.00000000000000 0.00000000000000 0.00000000000000 0.00000000000000 0.00000000000000 0.00000000000000 0.00000000000000 0.00000000000000 0.00000000000000 0.00000000000000 0.00000000000000 0.00000000000000 0.00000000000000 0.00000000000000 0.00000000000000 0.00000000000000 0.00000000000000 0.00000000000000 0.00000000000000 0.00000000000000 0.00000000000000 0.00000000000000 0.00000000000000 0.00000000000000 0.00000000000000 0.00000000000000 0.00000000000000 0.00000000000000 0.00000000000000 0.00000000000000 0.00000000000000 0.00000000000000 0.00000000000000 0.00000000000000 0.00000000000000 0.00000000000000 0.00000000000000 0.00000000000000 0.00000000000000 0.00000000000000 0.00000000000000 0.00000000000000 0.00000000000000 0.00000000000000 0.00000000000000 0.00000000000000 0.00000000000000
 0.112857140470477 0.245552754212209 0.275762536684567 0.276172046161894 0.116848900145270 0.0457863956637504 0.108970480730376 0.141028358733949 0.114141857040583 0.105587657286462 0.0231876708408694 0.107355107941974 0.0996959285644892 0.0690893775767359 0.0831655792468966 0.397197615565263 0.220892632017037 0.221999995453901 0.140551461046597 0.120032993267429 0.269532361331830 0.274407405812310 0.0901890800275725 -0.139052771100615 -0.275967878959577 -0.383335574987915 -0.346021908635926 -0.267795523427364 -0.106734077725336 -0.151766984600637 -0.218695434725915 -0.217894589565886 -0.234302197079098 -0.374267890103555 -0.433658667483905 -0.468528687372501 -0.466228238905254 -0.286670055342501 -0.247953735666958 -0.165013804415386 -0.104285161464476 0.00000000000000 0.00000000000000 0.00000000000000 0.00000000000000 0.00000000000000 0.00000000000000 0.00000000000000 0.00000000000000 0.00000000000000 0.00000000000000 0.00000000000000 0.00000000000000 0.00000000000000 0.00000000000000 0.00000000000000 0.00000000000000 0.00000000000000 0.00000000000000 0.00000000000000 0.00000000000000 0.00000000000000 0.00000000000000 0.00000000000000 0.00000000000000 0.00000000000000 0.00000000000000 0.00000000000000 0.00000000000000 0.00000000000000 0.00000000000000 0.00000000000000 0.00000000000000 0.00000000000000 0.00000000000000 0.00000000000000 0.00000000000000 0.00000000000000 0.00000000000000 0.00000000000000 0.00000000000000 0.00000000000000 0.00000000000000 0.00000000000000 0.00000000000000 0.00000000000000 0.00000000000000 0.00000000000000 0.00000000000000 0.00000000000000 0.00000000000000 0.00000000000000 0.00000000000000 0.00000000000000 0.00000000000000 0.00000000000000 0.00000000000000 0.00000000000000 0.00000000000000 0.00000000000000 0.00000000000000 0.00000000000000 0.00000000000000 0.00000000000000 0.00000000000000 0.00000000000000 0.00000000000000 0.00000000000000 0.00000000000000 0.00000000000000 0.00000000000000 0.00000000000000 0.00000000000000 0.00000000000000 0.00000000000000 0.00000000000000 0.00000000000000 0.00000000000000 0.00000000000000 0.00000000000000 0.00000000000000 0.00000000000000
 1.37813428831070 3.63874432578767 0.154090473369282 0.223985637258232 0.0623673441005123 2.74305802364590 0.372692734274537 0.436076719030645 0.376616009916477 3.26707432178850 0.0597387867534288 0.141283217416688 0.119330824198966 1.29258504218208 2.05321625930384 0.287236468864218 2.12711052113913 0.747640899500206 2.11952811832777 2.50962384828141 3.07306300024728 0.112405591219576 3.22313944237065 0.404331273925291 0.715899692291647 0.457225854046712 4.34333953381988 0.119029109262949 0.665469177489278 0.180104351746188 2.25705648866013 0.149316740910806 3.23891144633028 0.423954367863588 4.69524572135599 0.165039966851368 0.120093288201581 0.0439157228683943 -0.0360788372382566 0.238124469823092 4.19071373190654 0.00000000000000 0.00000000000000 0.00000000000000 0.00000000000000 0.00000000000000 0.00000000000000 0.00000000000000 0.00000000000000 0.00000000000000 0.00000000000000 0.00000000000000 0.00000000000000 0.00000000000000 0.00000000000000 0.00000000000000 0.00000000000000 0.00000000000000 0.00000000000000 0.00000000000000 0.00000000000000 0.00000000000000 0.00000000000000 0.00000000000000 0.00000000000000 0.00000000000000 0.00000000000000 0.00000000000000 0.00000000000000 0.00000000000000 0.00000000000000 0.00000000000000 0.00000000000000 0.00000000000000 0.00000000000000 0.00000000000000 0.00000000000000 0.00000000000000 0.00000000000000 0.00000000000000 0.00000000000000 0.00000000000000 0.00000000000000 0.00000000000000 0.00000000000000 0.00000000000000 0.00000000000000 0.00000000000000 0.00000000000000 0.00000000000000 0.00000000000000 0.00000000000000 0.00000000000000 0.00000000000000 0.00000000000000 0.00000000000000 0.00000000000000 0.00000000000000 0.00000000000000 0.00000000000000 0.00000000000000 0.00000000000000 0.00000000000000 0.00000000000000 0.00000000000000 0.00000000000000 0.00000000000000 0.00000000000000 0.00000000000000 0.00000000000000 0.00000000000000 0.00000000000000 0.00000000000000 0.00000000000000 0.00000000000000 0.00000000000000 0.00000000000000 0.00000000000000 0.00000000000000 0.00000000000000 0.00000000000000 0.00000000000000
 -0.0751234948726240 -0.812642933031168 0.236489752004885 -1.05993468099779 -1.46767717859788 -0.780090397094786 -0.305347184838090 -1.07789242087210 -1.05174334759766 0.823009785455980 0.320622640436394 -1.23244259581925 -0.465279307200330 -0.633304202918041 -0.450410185476027 -0.219942441163839 0.671443533755543 -0.0719675306638883 0.161201101301429 0.932978808011624 -0.432672724684563 -0.800190242966107 -0.514114090920803 -0.255268523759824 -1.23197403566614 -1.61397371775247 -1.15707370366692 -0.347604854838719 -1.05049566116083 -1.60610194276881 -2.09240607881428 -2.26351559553255 -2.40719247078825 -2.24507444498001 -1.70087235687723 -1.72950934414288 -1.80371813416208 -1.18255132287614 -1.38341274144232 -0.677414871853669 0.0901932340038767 0.00000000000000 0.00000000000000 0.00000000000000 0.00000000000000 0.00000000000000 0.00000000000000 0.00000000000000 0.00000000000000 0.00000000000000 0.00000000000000 0.00000000000000 0.00000000000000 0.00000000000000 0.00000000000000 0.00000000000000 0.00000000000000 0.00000000000000 0.00000000000000 0.00000000000000 0.00000000000000 0.00000000000000 0.00000000000000 0.00000000000000 0.00000000000000 0.00000000000000 0.00000000000000 0.00000000000000 0.00000000000000 0.00000000000000 0.00000000000000 0.00000000000000 0.00000000000000 0.00000000000000 0.00000000000000 0.00000000000000 0.00000000000000 0.00000000000000 0.00000000000000 0.00000000000000 0.00000000000000 0.00000000000000 0.00000000000000 0.00000000000000 0.00000000000000 0.00000000000000 0.00000000000000 0.00000000000000 0.00000000000000 0.00000000000000 0.00000000000000 0.00000000000000 0.00000000000000 0.00000000000000 0.00000000000000 0.00000000000000 0.00000000000000 0.00000000000000 0.00000000000000 0.00000000000000 0.00000000000000 0.00000000000000 0.00000000000000 0.00000000000000 0.00000000000000 0.00000000000000 0.00000000000000 0.00000000000000 0.00000000000000 0.00000000000000 0.00000000000000 0.00000000000000 0.00000000000000 0.00000000000000 0.00000000000000 0.00000000000000 0.00000000000000 0.00000000000000 0.00000000000000 0.00000000000000 0.00000000000000 0.00000000000000
# ln_recsigma:
 -0.693147181000000 -0.693147181000000 -0.693147181000000 -2.30258509300000 -0.693147181000000 -0.693147181000000 -2.30258509300000 -2.30258509300000 -0.693147181000000 -0.693147181000000
# avg_F:
 -0.758536452470731 -1.11002606091523 6.59797629558232
# F_devs:
 0.110443897486037 -0.0667750527036372 0.226845271223931 0.120323343186920 0.335059143404234 0.178901840654832 -0.0775157341987316 0.151779083778104 0.124954802480179 0.0916185369584029 0.354354835234711 -0.0618575510383905 0.510360537153564 0.455362654763874 0.417268104860573 0.440779318953311 0.862215870024390 -0.122510060292987 -0.0439225047920956 -0.125256490743399 -0.130480796078370 -0.0928599729917867 -0.204335539917074 0.0628358273899607 -0.155382824444669 0.279630679326735 0.103242480077322 -0.0828430110857958 -0.484926847387882 -0.184362457410701 -0.00513917642019284 0.136138026464607 0.0672343050639605 0.209119605939747 -0.0219705102106505 -0.554211914821932 -0.0286213463417871 0.00250567202210719 -0.355161590975333 -0.407216510006289 -0.676904794780827 -1.36038808072802 0.00000000000000 0.00000000000000 0.00000000000000 0.00000000000000 0.00000000000000 0.00000000000000 0.00000000000000 0.00000000000000 0.00000000000000 0.00000000000000 0.00000000000000 0.00000000000000 0.00000000000000 0.00000000000000 0.00000000000000 0.00000000000000 0.00000000000000 0.00000000000000 0.00000000000000 0.00000000000000 0.00000000000000 0.00000000000000 0.00000000000000 0.00000000000000 0.00000000000000 0.00000000000000 0.00000000000000 0.00000000000000 0.00000000000000 0.00000000000000 0.00000000000000 0.00000000000000 0.00000000000000 0.00000000000000 0.00000000000000 0.00000000000000 0.00000000000000 0.00000000000000 0.00000000000000 0.00000000000000 0.00000000000000 0.00000000000000 0.00000000000000 0.00000000000000 0.00000000000000 0.00000000000000 0.00000000000000 0.00000000000000 0.00000000000000 0.00000000000000 0.00000000000000 0.00000000000000 0.00000000000000 0.00000000000000 0.00000000000000 0.00000000000000 0.00000000000000 0.00000000000000 0.00000000000000 0.00000000000000 0.00000000000000 0.00000000000000 0.00000000000000 0.00000000000000 0.00000000000000 0.00000000000000 0.00000000000000 0.00000000000000 0.00000000000000 0.00000000000000 0.00000000000000 0.00000000000000 0.00000000000000 0.00000000000000 0.00000000000000 0.00000000000000 0.00000000000000 0.00000000000000 0.00000000000000 0.00000000000000 0.00000000000000
 -1.08141514742301 -1.16902313722998 -0.597899804974780 -0.404378564191527 -0.328719922857980 -0.419505723499447 -0.549800265667167 -0.570086918440122 -0.497311771455222 0.00488113283447731 0.0523346175697807 0.292502019490233 0.345367142438717 0.718145478427764 0.597603264401073 -0.364626194837781 0.534901896960636 0.401518901977636 0.640544227358043 0.285849731741656 0.383518472233326 0.221798136668627 0.995477473725052 0.945240534827640 1.01837345662306 0.378682662289325 0.922994579591608 0.495509758731971 0.878589478899480 0.669395672085458 -0.260205523545424 0.00865622732787156 0.578507377462823 0.466755221438305 0.269947750361500 -1.68990580684568 0.210443276312525 0.106357492062834 -0.638829583040988 -1.06658151437649 -0.839761670989522 -1.94812537789209 0.00000000000000 0.00000000000000 0.00000000000000 0.00000000000000 0.00000000000000 0.00000000000000 0.00000000000000 0.00000000000000 0.00000000000000 0.00000000000000 0.00000000000000 0.00000000000000 0.00000000000000 0.00000000000000 0.00000000000000 0.00000000000000 0.00000000000000 0.00000000000000 0.00000000000000 0.00000000000000 0.00000000000000 0.00000000000000 0.00000000000000 0.00000000000000 0.00000000000000 0.00000000000000 0.00000000000000 0.00000000000000 0.00000000000000 0.00000000000000 0.00000000000000 0.00000000000000 0.00000000000000 0.00000000000000 0.00000000000000 0.00000000000000 0.00000000000000 0.00000000000000 0.00000000000000 0.00000000000000 0.00000000000000 0.00000000000000 0.00000000000000 0.00000000000000 0.00000000000000 0.00000000000000 0.00000000000000 0.00000000000000 0.00000000000000 0.00000000000000 0.00000000000000 0.00000000000000 0.00000000000000 0.00000000000000 0.00000000000000 0.00000000000000 0.00000000000000 0.00000000000000 0.00000000000000 0.00000000000000 0.00000000000000 0.00000000000000 0.00000000000000 0.00000000000000 0.00000000000000 0.00000000000000 0.00000000000000 0.00000000000000 0.00000000000000 0.00000000000000 0.00000000000000 0.00000000000000 0.00000000000000 0.00000000000000 0.00000000000000 0.00000000000000 0.00000000000000 0.00000000000000 0.00000000000000 0.00000000000000 0.00000000000000
 -4.12328283350287 -4.30141400668341 -3.84373530268207 -5.62050505287025 -6.70906896245167 -6.49247806383443 -6.77192526450417 -1.29454103535964 -3.91204798111411 -5.60956247245223 -5.78889947206892 -5.66547170037564 -5.27938830416497 1.20872528207883 -4.09410397435529 0.896233602263495 -0.651059507598409 -0.470668486906046 1.83582505280233 0.606895107723376 0.653139165337437 -2.49196499478917 -1.08447208952863 -1.38358990976111 2.39305536120231 4.60569378301197 6.13133530424903 4.78427117438347 6.06692065223521 4.65914653793176 4.65110444458032 4.32672649228560 2.99207724409499 3.09340387559676 3.56684067009096 7.02863825156233 4.87385832839894 3.53007420557746 5.85123019679915 4.99220404371044 3.80147653628160 -6.96228464620574 0.00000000000000 0.00000000000000 0.00000000000000 0.00000000000000 0.00000000000000 0.00000000000000 0.00000000000000 0.00000000000000 0.00000000000000 0.00000000000000 0.00000000000000 0.00000000000000 0.00000000000000 0.00000000000000 0.00000000000000 0.00000000000000 0.00000000000000 0.00000000000000 0.00000000000000 0.00000000000000 0.00000000000000 0.00000000000000 0.00000000000000 0.00000000000000 0.00000000000000 0.00000000000000 0.00000000000000 0.00000000000000 0.00000000000000 0.00000000000000 0.00000000000000 0.00000000000000 0.00000000000000 0.00000000000000 0.00000000000000 0.00000000000000 0.00000000000000 0.00000000000000 0.00000000000000 0.00000000000000 0.00000000000000 0.00000000000000 0.00000000000000 0.00000000000000 0.00000000000000 0.00000000000000 0.00000000000000 0.00000000000000 0.00000000000000 0.00000000000000 0.00000000000000 0.00000000000000 0.00000000000000 0.00000000000000 0.00000000000000 0.00000000000000 0.00000000000000 0.00000000000000 0.00000000000000 0.00000000000000 0.00000000000000 0.00000000000000 0.00000000000000 0.00000000000000 0.00000000000000 0.00000000000000 0.00000000000000 0.00000000000000 0.00000000000000 0.00000000000000 0.00000000000000 0.00000000000000 0.00000000000000 0.00000000000000 0.00000000000000 0.00000000000000 0.00000000000000 0.00000000000000 0.00000000000000 0.00000000000000 0.00000000000000
# logit_vuln:
 -0.244250006949811 7.67889506091787 -1.24890258936432 -2.34155609413779 -1.57378817015904 -9.62323280148541 -2.30634192950869 9.92294181286016 -0.119956926735512 9.99963819180628 -3.28312821837344 -0.909008501391913 7.12687536842959 -1.32781572082348 0.473551876178433 9.99981151754941 6.70730199897184 -1.96040396119624 1.28557461880319 -3.71931968135810 9.83425175887335 9.98407728329003 -5.30826439530864 -3.50508489309606 -2.07130900521497 -5.39961765269743 -4.12081874569616 -1.09642912083940 -4.45328196257802 -0.805572633413700 8.23190027252654 -2.48090008929888 -1.65799715829066 -5.75587407864309
# fishsel_pars:
 3.60147107614877 4.05580771966569 3.42879301126508
 2.76844489841340 3.36733796171805 0.537332320394054
# ln_fishery_q:
 0.0115640901035700 -0.538685412567800 -2.64492817824940 -0.00521506642648351 -2.47747513799103 0.785754197115797 -0.170960925759629 1.14548730462697 -3.19401416018830 -1.38958035745856 -1.67330309371969 -10.7791772961123
# ln_survey_q:
 -0.694371283831593 -2.21656620359524 -2.80689589582867 -1.76121525663124 -2.33638278453309 -2.27330505031644 0.861560541358365 0.0220312539186125 0.880143786963757 -0.471274063767712
 -0.257686023069027 -1.80562426842100 -1.79535260205956 -3.22394202831340 -2.13100943186164 -2.81211309152286 -0.924262342942509 -0.729933101945711 0.638722263216636 -0.765944660648405
 0.483555560695613 -2.77831909875938 0.0884090668250792 -2.46939682689482 -1.11814448429065 -2.37638879252702 1.10328446195484 0.0232444208241631 -0.370699586524005 1.45311720929369
 0.691850794848790 -2.39994155296941 1.60953275623685 -2.71310893774026 -0.605985569878790 -2.13288893540044 -3.00157880374407 -0.730895338301607 -1.29945108417857 1.17404545676514
# survey_selpars:
 3.58492568989679 3.33655511303442 -61.2176443273424 2.04894143710219
 4.15169205885295 3.41815148974969 3.35997710830104 3.10239207629965
# ln_M1ann:
 -7.82061685094634 -1.43170420112179 -1.78216878244081 -164.020993000343 -1.29319981513723 -0.134129994026101 -2.15202383441117 -0.965452665796581 -7.41483415906439 -1.72842245387618
# ln_otherFood_base:
17.8011072382
# otherFood_dev:
 0.00000000000 0.00000000000 0.00000000000 0.00000000000
