# Number of parameters = 626 Objective function value = 66001.1154026030  Maximum gradient component = 0.00955473071368423
# ln_yr1N:
 3.48365964022614 -19.8291901835801 2.54177272819135 0.585850843011568 -311.887556136522
 1.68573542348875 4.37205387646508 -28.5801273346710 -40.7859097350580 3.67828162048104
 2.18175557388571 -2.80950670521673 -57.1096182821085 1.30566541372368 -3.61217478319010
 -0.702477214421577 0.633153193854530 -15.7377869087569 -0.870141953892414 -75.1223660468853
 2.88665157613988 -22.9950968029578 2.91908472064228 0.0808844057226951 1.48990646489818
 3.97468439048243 -88.7291899748600 3.79079038561964 2.89099752970124 -55.5200526021449
 5.16325281081127 -29.5991459185081 2.81192368898879 2.20436831489874 1.30951599490120
 2.47361614625814 2.54708100521565 1.71406158470619 -23.0431517681481 -2.19299583312954
 0.854763327094755 0.422335189513542 1.23664045033006 2.40562364289247 -34.1305872142992
 3.49996880199162 3.16233205212627 -108.736249338803 1.88939735826995 -22.8020216035070
# recruitment_alpha:
 0.000144016000000000 0.0284814690000000 0.00187893100000000 0.00000000000000 0.00145290800000000 0.0404944700000000 0.00188720500000000 0.00379472600000000 0.00000000000000 0.00572055700000000
# recruitment_shape:
 1.00000000000000 1.00000000000000 1.00000000000000 0.00000000000000 1.00000000000000 1.00000000000000 1.00000000000000 1.00000000000000 0.00000000000000 1.00000000000000
# recruitment_beta:
 9.38255200000000e-06 1.24488890000000e-05 4.62192800000000e-06 0.00000000000000 5.07469100000000e-06 6.94726400000000e-06 4.17974290000000e-05 0.000106158391000000 0.00000000000000 3.68423070000000e-05
# ln_avg_recruitment:
 5.00000000000000 10.0000000000000 7.50000000000000 0.868621607708869 8.00000000000000 6.50000000000000 5.00000000000000 6.00000000000000 2.32313985068684 7.00000000000000
# recruitment_devs:
 0.698055733942429 1.25977502107125 2.13355140830535 1.50630173399561 0.212502849369085 1.50408593872802 1.61176349056478 1.15290345996704 2.76294190679428 0.238244772837688 2.54656011496307 0.168519520602077 1.71833181249054 1.18319318400014 0.0336220886677489 1.67804469360985 1.77746655615993 0.0407112176428630 2.13821736928278 0.810091897173001 1.37958393278487 2.29065917220242 1.07263538822109 -0.204614933796345 -0.259733555655076 0.829729104959212 1.91807993427766 1.23146532264667 1.67253838122997 0.863239168451150 0.213571343065915 -0.0753627706186010 1.27957130995978 1.57105069513639 0.255259014129765 2.74257319987279 1.10970923773385 -0.153963601788931 -0.238314455595334 0.985483540304812 0.112829202255408
 -2.35551959043860 -2.62832414054853 -2.28429505610724 -1.91087113204600 -1.25069416431018 1.22772091034934 -0.574136673388371 -1.27929496234402 -1.69082024145636 -1.97365628480140 -1.53706766684927 -1.95371731640944 -2.83373303503879 -2.51470973334659 -2.92494027996764 -1.62941252416690 2.12268335702273 2.09206051439802 -1.06102745228976 -1.76124697444100 -1.75710249611086 -0.820053877793885 -1.44976032463926 -0.442518903862494 -0.834757715824747 1.12816096142287 -0.669654146736651 -0.531488423448946 0.583580498675925 1.81933690120480 -0.957190716119250 1.24318619226684 -0.353043278981065 -1.18627306297063 0.924300478751061 -0.319343349011145 -1.43558227246977 -1.64048273137653 -1.36755151082552 3.25022889315608 -1.12700614470904
 -0.549353546712316 0.214093031161975 2.78968202264384 1.06596289139382 1.03167316596016 -0.883018242364079 -1.17865715860899 -0.152910922663875 -0.197846012529092 -0.452633047670977 2.19493646888866 -0.696675669749518 0.830773012032607 2.83134216911088 0.984994232194170 -1.42745113799432 -0.930635216198383 -0.308297056970303 0.221247798152213 0.0807175131147665 -0.341398253651260 1.15240966395672 1.06505843370638 -0.704556333373014 -0.643910021402370 -0.544383615289803 1.35631280165303 0.376351156199090 -1.02099839593448 -1.52823159237984 -1.53782081477333 -0.383932304810624 0.736863498507996 3.20592031404335 0.628884180358764 0.343626046224769 0.678352667257955 -0.0793283896693110 -1.30285510512948 0.0640442980328623 6.36220740771500
 -0.107541286254819 -0.0497341552812680 -0.100945785679211 -0.0594273452866834 -0.0107462158859589 0.0760920245781870 0.128911154654580 0.252544203171862 0.395314779277464 0.507428713283772 0.322091886954476 0.311280439043843 0.425097158234201 0.443196741179481 0.443506118454541 0.567848945088255 0.295903698901707 0.154541627489929 0.147483704388975 0.154670537020647 0.186498300543246 0.176274474677176 0.171497417339381 0.0692014503193224 -0.0296866613098085 -0.166416465530318 -0.304159747685563 -0.371794315545879 -0.407443866231773 -0.426884056734324 -0.441096404445357 -0.416312547915051 -0.402701416864312 -0.430831747088835 -0.380381798624893 -0.287182133413262 -0.134132056709305 -0.174905449307851 -0.210746057902389 -0.192771986876367 -0.123541689393720
 -0.668805841252186 -1.60988524696391 -2.43964156946185 -2.62418973925248 -1.78346394649007 -1.13432939133117 -1.11254913946184 -1.61382171794949 -1.48346565159761 -1.37238893315506 -1.27626067388713 -1.37176939125826 -1.01340661813279 -0.620877550957913 -0.973487877021749 -1.29455956771332 -1.11692770409984 -0.823915491412971 -1.12125853940157 -1.16984704975166 -1.07722949354186 -1.19859710434079 -0.540807842180580 -1.50122494293417 -0.559727501603436 -0.671353656582618 -1.11004076797513 -1.52826559470961 -0.698888065757870 -2.07176122793105 -2.56616244969217 -1.70407463106432 -0.347211428085345 -0.947130119869068 0.406123843535332 0.477560830021725 -0.889711484001639 -0.539163188290530 -1.47578858602066 -0.683687780128507 -0.788324177048086
 -1.01934081134380 -0.555114010700647 -0.751727462157780 -1.62503424314666 -1.81011622140477 -1.07202328065016 -0.679110382056564 -0.847424725312474 -1.29562196419218 -0.535184085176409 -1.18021460788241 -1.26986678453788 -1.06598520283554 0.337385326724311 -2.03862751023459 -2.54144372748628 -0.676931516813771 -1.57606273362774 -1.01151434447873 -1.30243921661475 -2.01422335441266 -2.17440530372492 -1.73661337105062 -0.921948038817673 -1.29814125933391 -2.16081046451031 -2.36646047443228 -1.50042966159827 -1.24247976749311 -1.80468617700308 -1.10902508444868 -1.01990627268335 -1.08464363889541 -1.16409843656853 -1.59853914474328 -1.95251268691992 -2.41353721745628 -1.45825353282912 -0.689364049724819 -0.749636373605046 0.252161328545318
 0.0304689862237990 0.0593540217397432 0.0933047954240006 0.144962205443286 0.165742180875107 0.218066630503539 0.357447617599946 0.514178419430135 0.648259912249134 0.799141890959016 0.664755986119045 0.484862449834667 0.632872633191607 0.478293239869165 0.417883927644493 0.306863272198224 0.0525672244233905 -0.105956017206766 -0.192183436885790 -0.242084516408747 -0.262081281609159 -0.252880223887250 -0.265717724521004 -0.276357724122823 -0.243863137169147 -0.217010948259991 -0.154251051613845 -0.0880585506217245 -0.0713407232377900 -0.0101749525835937 0.0652804029473125 0.169015385090577 0.119798051037095 0.0342297263721370 -0.0230342266785488 -0.159728293882889 -0.202911876052288 -0.238607264434012 -0.192773474885778 -0.155825941066867 -0.0878743734690932
 0.0751213014479201 0.0894282388802466 0.0639935003391394 -0.00381296435133822 -0.119607499116399 -0.125494813916363 -0.0997040317459249 -0.0287797868547798 -0.0528353186295288 -0.0797507362486286 -0.120840525397918 -0.0916379770587535 -0.104768046869090 -0.130886902978010 -0.103266606414716 0.0966723141715471 -0.0262739385770285 -0.0587160992647200 -0.162009043958229 -0.137264945722293 -0.0868935115281733 -0.173679165985362 -0.361475124501851 -0.584101124521636 -0.706493430307874 -0.771335646981206 -0.704937818412523 -0.626016353318888 -0.498387457380611 -0.544034695533518 -0.600100127528666 -0.603457100243539 -0.583349789532533 -0.681120555432530 -0.656522315727379 -0.751929293908302 -0.696977223910231 -0.451301362659638 -0.405471747211672 -0.246826372961821 -0.137132121461890
 -0.0662111125095867 -0.657711618464963 1.29926514002441 -0.199065869420275 -0.792643600320176 -0.116847367771017 -0.149465321508763 -0.175238992555591 0.260689136475178 0.0846084890630085 -1.07056418126584 -1.17525369926034 -1.39200135315768 -0.667392890983281 -0.286765325185683 -0.751933229982962 0.191896872349557 -0.377439197583473 0.0391734663352200 0.652349817337156 0.759654354136624 0.390985899411592 0.417086553158449 -0.0698548792336714 0.102846097922789 0.429063607777651 1.43091015206220 0.978799688785758 -0.530168732515489 -0.768699284096133 -0.135769123902903 -0.378523621964281 0.594555952815288 0.842629944621575 2.08612186266152 0.611085626205012 -0.713632180868860 -0.857750842764302 -1.00843808590664 -0.311341948188358 1.48099038651606
 -0.128412848269037 -0.650630311937428 0.535713487636006 -1.01852939608013 -1.16340819151922 -0.383930381513947 -0.171494740669597 -0.630506674082863 -0.732861280673143 1.48360338504614 -0.154889776099976 -1.24903361166946 -0.210770626416347 -0.675782829843336 -0.414898945156178 -0.0297744986583204 1.15614387269801 -0.376156896488373 0.0882794042757246 0.922810572867950 -0.678824678802379 -0.761384676749187 -0.117014662583957 -0.735085948947359 -1.51287912907369 -1.50976463508563 -0.968401568164496 -0.0390311575772161 -0.911485671953948 -1.37608428884250 -1.95745476140240 -2.39825505869218 -2.30954344604684 -1.93438722015156 -1.38903134405273 -1.48032591324389 -1.59672778049652 -1.02306888499914 -0.978403465869002 0.0936437086109329 0.420307354066210
# ln_recsigma:
 -0.693147181000000 -0.693147181000000 -0.693147181000000 -2.30258509300000 -0.693147181000000 -0.693147181000000 -2.30258509300000 -2.30258509300000 -0.693147181000000 -0.693147181000000
# avg_F:
 -0.922078047707902 -1.15521396583461 4.27561093387175
# F_devs:
 -0.178759172234838 -0.367156403657762 -0.0169992773426574 -0.0492778292240613 0.316616901196219 0.287169409355341 0.00412425430210976 0.291437853661816 0.347279635409773 0.316713832483805 0.563273933455862 0.106378306592842 0.592903823470924 0.503837930653643 0.444756813298007 0.391972310810729 0.937541479215688 -0.0715950908757207 -0.111880804314878 -0.218899584352001 -0.172477478067440 -0.0910914095281226 -0.203895639681266 0.0176662979406383 -0.302841068576452 0.0376467497083736 -0.181770786118260 -0.354859815847326 -0.716494383502198 -0.238740920506272 0.00262844509605158 0.151361408302300 0.0915422748558612 0.242727896667993 0.0440067449758387 -0.658121924035690 0.103305737227491 0.249158241136845 -0.249049869198891 -0.250847548847555 -0.343118779774088 -1.26617346840728
 -1.32382211415706 -1.37557018507929 -0.795152283022705 -0.552443098540500 -0.420541203270187 -0.483946890547319 -0.580270829927507 -0.566728123410296 -0.437201018815057 0.0822012488030643 0.134068871306585 0.367949800263865 0.425807139442550 0.756603711683590 0.672129666340389 -0.229697460683451 0.582271566242961 0.440332312597659 0.609625811902905 0.229982619025316 0.333389990910197 0.163887076213804 0.846432073837840 0.783851075133760 0.826525081872416 0.237473378914812 0.691429237427006 0.348807058743180 0.756518801166171 0.633409354383622 -0.227801536654121 0.0126891707269131 0.535435683904156 0.464014995093085 0.298759871060222 -1.55876766918610 0.308863308955969 0.272986751923884 -0.418855136180502 -0.794651267884367 -0.517673128513216 -1.53232237467271
 -6.67906611179179 -6.42285062063674 -5.40512080021640 -5.57770362540823 -5.49722429700804 -4.82605498902690 -4.79367052939777 -0.758067391988717 -2.32841749799245 -3.38278307860396 -3.25929594527791 -3.00169999149790 -2.70530087193077 1.42469015376289 -1.83887965950717 1.34274473626666 0.807644533851966 -1.42636631453770 1.81322606539895 0.716458219079779 0.720296487669023 -0.851736470329670 -0.544969273397868 -0.338516114629025 2.16544553404888 3.32160730271845 4.15968936067370 3.79595471927083 4.05134008603285 3.76510657082788 4.14613718416629 3.74327391915414 2.55143718892271 2.56080172037964 2.10767009187061 4.28202226528753 3.51656081315118 2.26989901486672 2.09136564056049 2.93242896460654 4.60696568189729 -3.25504266807158
# logit_vuln:
 5.00000000000000 5.00000000000000 5.00000000000000 5.00000000000000 5.00000000000000 5.00000000000000 5.00000000000000 5.00000000000000 5.00000000000000 5.00000000000000 5.00000000000000 5.00000000000000 5.00000000000000 5.00000000000000 5.00000000000000 5.00000000000000 5.00000000000000 5.00000000000000 5.00000000000000 5.00000000000000 5.00000000000000 5.00000000000000 5.00000000000000 5.00000000000000 5.00000000000000 5.00000000000000 5.00000000000000 5.00000000000000 5.00000000000000 5.00000000000000 5.00000000000000 5.00000000000000 5.00000000000000 5.00000000000000
# fishsel_pars:
 3.85790216034091 4.14189791315678 4.91767041324231
 3.08066289530249 3.38724241171688 1.78926583158223
# ln_fishery_q:
 1.18270820870687 1.47023412823083 -0.775086016652126 2.91859258630490 -2.07142282380993 2.19677273298905 -0.418946322131439 1.68078666648754 -1.46998186685327 -1.13620909671476 -1.99563459433141 -1.33319364693368
# ln_survey_q:
 0.00000000000000 0.00000000000000 0.00000000000000 0.00000000000000 0.00000000000000 0.00000000000000 0.00000000000000 0.00000000000000 0.00000000000000 0.00000000000000
 0.00000000000000 0.00000000000000 0.00000000000000 0.00000000000000 0.00000000000000 0.00000000000000 0.00000000000000 0.00000000000000 0.00000000000000 0.00000000000000
 0.00000000000000 0.00000000000000 0.00000000000000 0.00000000000000 0.00000000000000 0.00000000000000 0.00000000000000 0.00000000000000 0.00000000000000 0.00000000000000
 0.00000000000000 0.00000000000000 0.00000000000000 0.00000000000000 0.00000000000000 0.00000000000000 0.00000000000000 0.00000000000000 0.00000000000000 0.00000000000000
# survey_selpars:
 -73.9213639632178 4.11738690800337 8.56326468973428 -96.6081493834801
 -32.8557891398154 3.98505983111104 5.54402340163685 -75.1197914277968
# ln_M1ann:
 -1.38629436100000 -1.60943791200000 -1.89711998500000 -1.89711998500000 -2.30258509300000 -1.60943791200000 -2.12026353600000 -1.89711998500000 -1.60943791200000 -1.60943791200000
# ln_otherFood_base:
11.2615249989
# otherFood_dev:
 0.00000000000 0.00000000000 0.00000000000 0.00000000000
