# Number of parameters = 666 Objective function value = 60087.5805215030  Maximum gradient component = 0.0220868463306741
# ln_yr1N:
 3.22544431744295 -19.8275333815984 2.55018418172530 0.390802414514481 -311.887556136522
 2.54403931339854 4.78961816428190 -28.5800079743905 -40.7859097288945 3.85357408389198
 1.96172170092426 -2.87771751927863 -57.1096182821085 0.987738733548228 -4.24798219280026
 -0.758487468478779 -0.273315935606546 -15.7932975957460 -0.210098011772986 -75.1223660468853
 2.61086232009833 -22.9951918704703 2.71006845980168 -0.551134344925889 1.42002113005974
 4.06046449940631 -88.7291899748600 3.75156597355116 2.93668994818533 -55.5200526021442
 4.62752880132816 -29.5991459156104 2.65517033575503 2.02221239501800 0.849259151690868
 2.61898475934705 1.96258354850461 1.69075474737957 -23.0430440430712 -2.23993538212198
 1.48958728670624 -173.930203867465 1.57019492514884 2.16841179240675 -34.1305872140490
 3.70413101631173 2.70905098710140 -108.736249338803 1.92676352660555 -22.8018299811200
# recruitment_alpha:
 0.000144016000000000 0.0284814690000000 0.00187893100000000 0.00000000000000 0.00145290800000000 0.0404944700000000 0.00188720500000000 0.00379472600000000 0.00000000000000 0.00572055700000000
# recruitment_shape:
 1.00000000000000 1.00000000000000 1.00000000000000 0.00000000000000 1.00000000000000 1.00000000000000 1.00000000000000 1.00000000000000 0.00000000000000 1.00000000000000
# recruitment_beta:
 9.38255200000000e-06 1.24488890000000e-05 4.62192800000000e-06 0.00000000000000 5.07469100000000e-06 6.94726400000000e-06 4.17974290000000e-05 0.000106158391000000 0.00000000000000 3.68423070000000e-05
# ln_avg_recruitment:
 5.00000000000000 10.0000000000000 7.50000000000000 0.659624536435090 8.00000000000000 6.50000000000000 5.00000000000000 6.00000000000000 2.43469979714242 7.00000000000000
# recruitment_devs:
 1.01941288165959 1.07218250790965 1.61213522490258 1.64840398219357 0.322876435777229 1.18128161723095 1.51331602054768 0.771687303282816 2.53665897274594 0.595813704752218 2.24241284574577 0.869703422474202 0.957921322122923 1.77169581607024 -0.0801640051298516 1.05181378177991 1.92876767076469 0.259376111329948 1.48752882460020 1.56392398722909 0.999320984274893 1.76766030412355 1.56622325563566 -0.238586718490310 -0.227516617629396 0.632826875062685 1.53484960346214 0.942330123721388 1.63100969254444 0.953692771921994 0.134261024697385 -0.214521170131170 1.07828942494637 1.36357447449340 0.780071474447403 2.17834820646560 1.93989563016251 -0.123440292303210 -0.196994426818357 1.20606703480560 0.360432815728620
 -1.98606185384403 -2.45440559728341 -2.25861482951866 -1.94960483575604 -1.35873304387165 0.365291821880172 -0.311831397849173 -1.32242363514343 -1.90802395191745 -2.27892274223874 -1.93120235456711 -2.22601857817604 -2.82683059577410 -2.70671987526231 -3.11770103797631 -1.50800120173194 1.91702223141164 1.60656259615923 -0.860467661094485 -1.61520872337555 -1.83505785816183 -0.839739959436299 -1.53627419033284 -0.534321853914560 -0.886558635733565 0.864220236027482 -0.886153344774363 -0.323679453906269 0.510943634624474 1.49304945430284 -1.05308811156097 0.959834870373067 0.0570901035517225 -0.905179901914605 0.979069525244896 0.130910135499974 -0.589692952466248 -0.823151217697667 -0.787876110891127 3.49528780442763 -1.14410990050311
 -0.720452625321825 -0.508992117465282 2.30974544503200 0.757204833396090 2.05158434840298 -0.640456452118800 -1.15208050610311 -0.0832771999539786 -0.286209288866737 -0.801680580154741 2.61115213718477 -0.567369632022118 0.636642091460608 1.73646782329160 2.42317950374052 -1.58796712361507 -1.18019195862771 -0.562239622096539 0.0599793325484609 0.338325518663979 -0.405626623990900 0.861729137724586 1.33906504920874 0.0634081789962769 -0.279017278273390 -0.803416327405532 0.683218456787209 1.89645089504365 -0.640509938452792 -1.31780024922483 -1.34983007878768 0.0603607559324121 0.918127162405979 3.11596303156370 1.64968094088482 0.499105492296152 1.08705692478625 0.234419921007996 -1.20311989991134 -0.0497909858021930 6.40063821804468
 -0.151446521095254 -0.111285260915692 -0.121748004515498 -0.0651828900954517 -0.0157883248043690 0.0487248962322559 0.112912598136557 0.232155532386895 0.338646457453878 0.382927739375919 0.273808249265461 0.268023538267796 0.353468712266316 0.417273661263576 0.459813072712787 0.487340367165132 0.232776361512550 0.0983546057461401 0.0716119819331986 0.0797826911752131 0.116658898704685 0.122587987999813 0.0879286252840582 -0.0438559876644256 -0.161090159733164 -0.278542497402635 -0.382191544879519 -0.410957853237192 -0.415027261967552 -0.404636148024681 -0.396296184211014 -0.368821779243887 -0.331645455315737 -0.305318058778788 -0.216374540852971 -0.0946550579465026 0.0951199745963758 0.0980511955235067 -0.0174712075389586 -0.0463534302262699 -0.0392789484360374
 -0.895164755350266 -1.27738673786574 -2.16426958060624 -2.60907854420489 -1.90880148670444 -1.12626909288695 -0.949211613636557 -1.62859680736837 -1.48738024904590 -1.44951598757742 -1.14850896039635 -1.30186239331139 -1.01986856492966 -0.652570376074887 -0.915059909833971 -1.44205801360663 -1.22597364278636 -0.812516062825331 -0.823609127303932 -1.18738237015215 -1.25329175368037 -1.26626116257764 -0.531683007805640 -1.45646070418839 -0.364981893784755 -0.730932710579482 -1.22996309704020 -1.76388522750644 -0.255440687398212 -0.961792216846467 -2.36303741419926 -1.50739886617570 -0.276398858041465 -0.827475867586505 0.321678229395376 0.837354220302327 -0.454408573570810 -0.100173133106038 -1.30129581238978 -0.583666030272634 -0.766893350903733
 -1.12954261936506 -1.00947266304590 -1.28232701961508 -1.70960730851516 -1.79720624305533 -1.19001857700345 -0.969040804574297 -1.18862686427229 -1.40293840467427 -0.869691538011247 -1.45977198940837 -1.46646003109243 -1.33241726191791 -0.122931286097764 -2.02653423908655 -2.64805691232327 -0.943591894802563 -1.67479683678342 -1.29851933484431 -1.49810886197220 -2.08204748895569 -2.28477644083608 -1.78376500537791 -1.27588029708005 -1.62012717627794 -2.22138228163330 -2.40879117229900 -1.64288218087087 -1.28129878749477 -1.72155337289027 -1.44185927827925 -1.33603963711096 -1.42964540299557 -1.49133183378684 -1.86916933693296 -2.13070943572509 -2.45723509725003 -1.61247740191120 -0.941581306902604 -0.839062602398732 0.181787163868980
 0.0432244467644410 0.0541841814560203 0.0893295961883436 0.137583947306020 0.135215403841020 0.176886605017122 0.299663941672919 0.418345840534895 0.541797225570047 0.576634368914436 0.434223052539119 0.282316918370269 0.357342468429689 0.319325627472858 0.304756552272275 0.232028725398394 -0.0157252000501030 -0.177697045601090 -0.275689837203680 -0.332901888263239 -0.354041313824338 -0.339153113217543 -0.346381090282727 -0.355789394443892 -0.312507892617432 -0.264022444313245 -0.170708471854186 -0.0682945834274890 -0.0471770718311147 0.0338488875046757 0.128361572112621 0.288837174854847 0.235642937232815 0.138100923931290 0.0348827637250174 -0.114283796088770 -0.170915517074218 -0.214991087843096 -0.173445181677657 -0.150302824501996 -0.0845147869023653
 0.0254539524803391 0.0136928613242296 0.0169895458237285 -0.00222511494873825 -0.111052799046923 -0.135204594852459 -0.116490635946577 -0.0412417129414723 -0.0584385755529566 -0.0730694003631760 -0.117687906429561 -0.0667443113010280 -0.0998729273428787 -0.110869748064338 -0.125330542965698 0.113044703456909 -0.0411556754817677 -0.0711464471629397 -0.185527709627274 -0.156197994498709 -0.0818734707450721 -0.123886863607318 -0.317088948826653 -0.561241647871127 -0.713507465921269 -0.799685551642254 -0.748186726815803 -0.636918309937418 -0.439881197904833 -0.474647524828376 -0.549470580489828 -0.571552761996262 -0.581898266885106 -0.738571622740162 -0.720973509116314 -0.813322514665814 -0.779127985285947 -0.525988145980124 -0.454345285283288 -0.281567719748729 -0.136780747463074
 0.0517484328397476 -0.473541582196851 0.591204933443147 -0.249932942680662 -0.989160998482777 -0.267553188697226 -0.384108219200559 -0.524069212961595 -0.236375518245217 -0.154841877476345 -1.15100357558306 -1.17099655667589 -1.44922768138597 -0.914636647789973 -0.628558782996356 -1.09130115464873 -0.296011990511793 -0.573004889291851 -0.198241873340286 0.203284507925071 0.325493534328398 0.0808289961861025 0.236825994872631 -0.184527137932457 -0.0389667152284997 0.176938264584476 1.11826366730167 1.38441081324994 -0.0856994669530111 -0.425935575331577 0.150676827872118 -0.251547977733262 0.656182540249554 0.934591728447155 1.90484888241512 2.01749579430307 -0.0241308323233675 -0.0715435409467344 -0.414477435819955 0.375117298058432 2.04148034803017
 0.107943091077677 -0.874509554867140 0.356383475927143 -0.531938671183073 -1.11517210470572 -0.384956009299610 -0.133104338283865 -0.623408887902852 -0.627443575950008 0.978723578239799 0.704822221125207 -1.17908130899704 -0.322929355098999 -0.488888090619246 -0.297009751851847 -0.144072661502225 0.736757796040159 -0.00484418889463908 -0.220401335166964 1.02584955917857 -0.560687308484052 -0.658547973080328 -0.412583965468725 -0.395437243706553 -1.27148231634394 -1.34816817315803 -1.10513706412985 -0.316049137489351 -0.673555517168585 -1.38834408901197 -2.02007055968916 -2.38549899195395 -2.39738658953342 -2.21744028554681 -1.56522607351971 -1.51740624179665 -1.73364331533130 -1.09043576580907 -1.17822053799775 -0.557497265324164 0.0176708615014630
# ln_recsigma:
 -0.693147181000000 -0.693147181000000 -0.693147181000000 -2.30258509300000 -0.693147181000000 -0.693147181000000 -2.30258509300000 -2.30258509300000 -0.693147181000000 -0.693147181000000
# avg_F:
 -1.17396839689367 -1.52825912511641 3.89613372145081
# F_devs:
 0.0658391280489649 -0.153555068935674 0.165927351947139 0.131165111155817 0.494730003411407 0.426826092365992 0.0953612406465515 0.361302218424023 0.422642787857860 0.394562813794663 0.651673025273683 0.192670262591850 0.652189865350925 0.532794879510236 0.549538335223166 0.483902539921195 1.00304410987062 0.0104643399612688 0.00610033723257520 -0.111760012612473 -0.0571625135771906 -0.0117358050779111 -0.0931303137880751 0.156691844762974 -0.158453383089105 0.250091839485442 0.0487993250758812 -0.170011584512471 -0.543059840554789 -0.122967209349276 -0.00528291145166037 0.0508881170141508 -0.0908692040205177 0.0186055757132865 -0.273453694123459 -0.962022377621900 -0.262941529158732 -0.157040807831175 -0.697429276578788 -0.719475401541282 -0.853179362168596 -1.72228095015821
 -1.07941608634383 -1.16707180896884 -0.620201627574365 -0.408659958133564 -0.300979943792862 -0.373929603258971 -0.470150788821446 -0.463713704557817 -0.341894104721982 0.176443187370369 0.206286122025651 0.441574710818872 0.492619448407733 0.829249705517944 0.762296708656212 -0.188958625589154 0.634611022900874 0.517603429869265 0.713224988112118 0.320869129014814 0.444073292119181 0.236244470612324 0.965785693901220 0.934355168949814 1.01739477342093 0.421200557329502 0.854966579384065 0.421530748815342 0.828811132021368 0.691993274323979 -0.242423957865194 -0.0815233412611796 0.376267137985418 0.226304161446235 -0.0323143229651955 -1.89673258672071 -0.0372282346453580 -0.0615650164049948 -0.766227173865103 -1.15849715712828 -0.890837330120030 -1.93138033834866
 -6.41470841051442 -6.17830948971932 -5.20704892331528 -5.47323255279136 -5.50920231898793 -4.76457029402347 -4.92365034807831 -1.16708285484389 -2.55761318935657 -3.53521658251693 -3.42267669978095 -3.14941597367449 -2.98052858015710 0.537335319022228 -2.32383633491482 1.04200705557842 0.650350246522766 -1.67051716036018 1.57317875796387 0.466739278801037 0.477522469378724 -1.10685743827468 -0.591134398212706 -0.309093307056355 2.25032586760857 3.53401706151065 4.58006654783034 3.73961211404144 4.34710959102142 4.06066281197254 3.90343345540031 3.57541409133016 2.37750228328448 2.46573540122580 2.77442506955671 4.44229767045838 3.76787047860455 2.89418534818713 3.22940683571824 3.67173359234326 4.44827738576653 -3.52451413249954
# logit_vuln:
 5.00000000000000 5.00000000000000 5.00000000000000 5.00000000000000 5.00000000000000 5.00000000000000 5.00000000000000 5.00000000000000 5.00000000000000 5.00000000000000 5.00000000000000 5.00000000000000 5.00000000000000 5.00000000000000 5.00000000000000 5.00000000000000 5.00000000000000 5.00000000000000 5.00000000000000 5.00000000000000 5.00000000000000 5.00000000000000 5.00000000000000 5.00000000000000 5.00000000000000 5.00000000000000 5.00000000000000 5.00000000000000 5.00000000000000 5.00000000000000 5.00000000000000 5.00000000000000 5.00000000000000 5.00000000000000
# fishsel_pars:
 3.62100529690929 4.02903189187346 4.93117518752813
 2.82975109181948 3.30479777995887 1.80215572297687
# ln_fishery_q:
 1.13648349041993 0.650248014509174 -0.688086451959744 2.13757967470825 -1.80113886429481 1.81316376527678 -0.366849632402331 1.52254560922167 -1.26367752909402 -0.773098212476513 -1.95460294474946 -0.707775701049005
# ln_survey_q:
 -0.819405348412133 -2.94128058771383 -2.18974101452449 -1.07549323958997 -0.589321421074764 -0.703300458458447 1.48084719853409 0.380647390461348 0.353800781944265 -0.576403040750417
 -0.439168263692217 -2.61053960805476 -1.20113057357110 -2.51620633193386 -0.341771367696602 -1.08680785289599 -0.509652962510707 -0.205268344926619 0.108407245818249 -0.786321497820254
 -0.203153805160106 -2.83690569085899 0.202944190693970 -2.89808821076875 0.227032596885763 -1.31106161924964 1.29590970146245 0.0469341978682927 -1.36033918655289 1.17687670589967
 0.00115898645801593 -2.76118351762662 1.69536469251451 -3.22141398514790 0.755892745656830 -1.10026271937576 -2.83551419267395 -0.724394887012537 -2.29529302160157 0.858845089393405
# survey_selpars:
 4.66088580574539 3.74165075494624 2.19776787239422 20.0882887459868
 4.92128932849343 4.09335884281035 -4.83883275702144 37.8916496623727
# ln_M1ann:
 -1.38629436100000 -1.60943791200000 -1.89711998500000 -1.89711998500000 -2.30258509300000 -1.60943791200000 -2.12026353600000 -1.89711998500000 -1.60943791200000 -1.60943791200000
# ln_otherFood_base:
11.2087374698
# otherFood_dev:
 0.00000000000 0.00000000000 0.00000000000 0.00000000000
